Drive_End,Fan_End,Label
0.09167209580838324,0.12142363636363634,0.36mm_OF
0.005237245508982036,-0.052185454545454535,0.36mm_OF
-0.1317431137724551,-0.042734545454545456,0.36mm_OF
-0.08716562874251496,0.1524472727272727,0.36mm_OF
0.2032376047904192,-0.04232363636363636,0.36mm_OF
-0.1241511377245509,-0.16025454545454546,0.36mm_OF
-0.08793700598802395,0.0447890909090909,0.36mm_OF
0.17010898203592814,0.07314181818181817,0.36mm_OF
-0.030124311377245507,-0.1374490909090909,0.36mm_OF
-0.1291447904191617,0.16991090909090908,0.36mm_OF
0.02236994011976048,0.0904,0.36mm_OF
0.17558982035928142,-0.14422909090909092,0.36mm_OF
-0.1366149700598802,0.17895090909090908,0.36mm_OF
0.08062922155688622,-0.030407272727272724,0.36mm_OF
0.17770095808383232,-0.015203636363636362,0.36mm_OF
-0.05578275449101796,0.11176727272727273,0.36mm_OF
-0.027485389221556886,-0.06492363636363636,0.36mm_OF
0.08956095808383234,0.06225272727272727,0.36mm_OF
0.030367904191616762,0.0628690909090909,0.36mm_OF
-0.07429580838323352,0.018901818181818183,0.36mm_OF
0.14583089820359282,0.11813636363636362,0.36mm_OF
0.011205269461077843,0.11608181818181815,0.36mm_OF
-0.05963964071856288,0.08279818181818181,0.36mm_OF
0.09987305389221557,0.20668727272727272,0.36mm_OF
0.09987305389221557,0.003492727272727273,0.36mm_OF
-0.07340263473053893,-0.06533454545454545,0.36mm_OF
-0.04851556886227545,0.17607454545454546,0.36mm_OF
0.12009125748502995,-0.07807272727272728,0.36mm_OF
0.01262622754491018,-0.07458,0.36mm_OF
-0.0817659880239521,0.07560727272727273,0.36mm_OF
-0.008282155688622755,-0.03554363636363636,0.36mm_OF
0.1105911377245509,0.04006363636363637,0.36mm_OF
0.08541988023952095,0.03903636363636363,0.36mm_OF
-0.03312862275449102,-0.04150181818181818,0.36mm_OF
0.026754610778443117,0.09553636363636364,0.36mm_OF
0.033372215568862273,0.12738181818181818,0.36mm_OF
-0.0940674251497006,-0.1212181818181818,0.36mm_OF
0.024805868263473054,0.030818181818181814,0.36mm_OF
0.07080431137724551,0.11094545454545454,0.36mm_OF
-0.12942898203592815,-0.1469,0.36mm_OF
-0.06564826347305389,0.07108727272727272,0.36mm_OF
0.12593748502994012,0.14361272727272725,0.36mm_OF
-0.10490730538922156,-0.03698181818181818,0.36mm_OF
-0.1618674251497006,0.057321818181818175,0.36mm_OF
0.06037041916167665,0.12347818181818182,0.36mm_OF
-0.02789137724550898,-0.004725454545454546,0.36mm_OF
-0.1740876646706587,-0.005341818181818182,0.36mm_OF
0.07693473053892215,0.1035490909090909,0.36mm_OF
0.18578011976047906,0.03533818181818182,0.36mm_OF
-0.13413844311377246,0.031229090909090908,0.36mm_OF
-0.022816526946107786,-0.014176363636363638,0.36mm_OF
0.19053017964071856,-0.03636545454545455,0.36mm_OF
0.06999233532934132,0.07375818181818182,0.36mm_OF
-0.16852562874251495,0.001438181818181818,0.36mm_OF
-0.07255005988023952,0.013970909090909093,0.36mm_OF
0.09540718562874252,0.14669454545454544,0.36mm_OF
-0.05825928143712575,0.032667272727272725,0.36mm_OF
-0.08842419161676647,-0.033489090909090906,0.36mm_OF
0.007429580838323353,0.1144381818181818,0.36mm_OF
0.07238766467065869,0.06944363636363636,0.36mm_OF
-0.1330016766467066,-0.05074727272727272,0.36mm_OF
-0.07872107784431137,0.023421818181818186,0.36mm_OF
0.14274538922155688,0.027941818181818186,0.36mm_OF
0.006089820359281436,-0.10724727272727272,0.36mm_OF
-0.14676467065868262,-0.052185454545454535,0.36mm_OF
0.11128131736526946,0.012121818181818182,0.36mm_OF
0.2850847904191617,-0.01869636363636364,0.36mm_OF
-0.17680778443113773,0.06471818181818181,0.36mm_OF
-0.03893425149700599,0.012327272727272728,0.36mm_OF
0.26190287425149705,-0.003903636363636364,0.36mm_OF
-0.03800047904191617,0.045816363636363634,0.36mm_OF
-0.10011664670658682,-0.06369090909090909,0.36mm_OF
0.16872862275449102,-0.01766909090909091,0.36mm_OF
0.043481317365269466,0.10478181818181816,0.36mm_OF
-0.2594669461077844,-0.02547636363636364,0.36mm_OF
0.15602119760479044,-0.061430909090909085,0.36mm_OF
0.12975377245508982,0.08444181818181817,0.36mm_OF
-0.3305960479041916,0.008218181818181819,0.36mm_OF
-0.1945900598802396,0.05608909090909092,0.36mm_OF
0.2508194011976048,0.09553636363636364,0.36mm_OF
0.020867784431137727,0.04684363636363637,0.36mm_OF
-0.3970562874251497,0.11546545454545455,0.36mm_OF
0.1826134131736527,0.043967272727272716,0.36mm_OF
0.2379495808383233,0.013765454545454546,0.36mm_OF
-0.19057077844311374,0.0786890909090909,0.36mm_OF
-0.013235209580838323,0.1088909090909091,0.36mm_OF
0.17096155688622755,-0.07232000000000001,0.36mm_OF
-0.12792682634730534,0.04068,0.36mm_OF
-0.01904083832335329,0.09841272727272728,0.36mm_OF
0.3089974850299401,-0.10971272727272724,0.36mm_OF
-0.09138790419161676,0.09800181818181818,0.36mm_OF
-0.117777125748503,0.0447890909090909,0.36mm_OF
0.16889101796407188,0.003287272727272727,0.36mm_OF
0.13113413173652694,0.07088181818181817,0.36mm_OF
-0.08460790419161676,-0.014381818181818181,0.36mm_OF
-0.0440902994011976,-0.003492727272727273,0.36mm_OF
0.09126610778443113,0.06841636363636364,0.36mm_OF
-0.01729508982035928,0.04684363636363637,0.36mm_OF
0.0018675449101796407,-0.05362363636363636,0.36mm_OF
0.01351940119760479,0.12429999999999998,0.36mm_OF
0.051601077844311366,0.004725454545454546,0.36mm_OF
-0.0008119760479041916,0.05465090909090909,0.36mm_OF
-0.024805868263473054,0.17319818181818186,0.36mm_OF
0.09228107784431136,-0.07807272727272728,0.36mm_OF
0.008606946107784431,0.10293272727272727,0.36mm_OF
-0.09163149700598802,0.13231272727272728,0.36mm_OF
-0.010474491017964072,-0.11238363636363637,0.36mm_OF
0.07563556886227545,-0.028147272727272733,0.36mm_OF
-0.09057592814371256,0.08998909090909091,0.36mm_OF
-0.14140562874251494,-0.08464727272727272,0.36mm_OF
0.08801820359281437,0.048487272727272726,0.36mm_OF
0.006739401197604791,0.06985454545454545,0.36mm_OF
-0.16377556886227546,-0.12820363636363635,0.36mm_OF
0.036335928143712566,0.16580181818181816,0.36mm_OF
0.14863221556886227,0.12738181818181818,0.36mm_OF
-0.04810958083832336,-0.05424,0.36mm_OF
0.0047906586826347314,0.11217818181818184,0.36mm_OF
0.13673676646706587,0.09759090909090908,0.36mm_OF
-0.03714790419161677,-0.028352727272727283,0.36mm_OF
0.005399640718562874,0.10396,0.36mm_OF
0.10998215568862277,-0.023216363636363632,0.36mm_OF
-0.07250946107784431,-0.09122181818181817,0.36mm_OF
-0.05984263473053893,0.14751636363636364,0.36mm_OF
0.1825728143712575,0.009656363636363637,0.36mm_OF
0.030611497005988024,0.07704545454545454,0.36mm_OF
-0.17380347305389224,0.05465090909090909,0.36mm_OF
0.04932754491017964,-0.06985454545454545,0.36mm_OF
0.09926407185628744,0.1397090909090909,0.36mm_OF
-0.14059365269461074,0.07745636363636363,0.36mm_OF
-0.1021059880239521,-0.029996363636363637,0.36mm_OF
0.05963964071856288,0.07704545454545454,0.36mm_OF
-0.009094131736526944,0.02075090909090909,0.36mm_OF
-0.09427041916167664,-0.0447890909090909,0.36mm_OF
0.03873125748502994,0.07683999999999999,0.36mm_OF
0.14469413173652695,-0.10806909090909088,0.36mm_OF
-0.06045161676646706,-0.16292545454545454,0.36mm_OF
0.024805868263473054,0.11587636363636362,0.36mm_OF
0.15727976047904196,-0.03533818181818182,0.36mm_OF
-0.006171017964071856,-0.21182363636363635,0.36mm_OF
-0.12411053892215568,0.04807636363636364,0.36mm_OF
0.0716162874251497,-0.005341818181818182,0.36mm_OF
0.112742874251497,-0.09430363636363637,0.36mm_OF
-0.1856177245508982,0.1555290909090909,0.36mm_OF
-0.014940359281437126,-0.030818181818181814,0.36mm_OF
0.09142850299401198,-0.01623090909090909,0.36mm_OF
-0.030408502994011974,0.20319454545454546,0.36mm_OF
-0.17230131736526946,0.0008218181818181817,0.36mm_OF
0.037838083832335334,-0.00678,0.36mm_OF
0.039665029940119764,0.11320545454545455,0.36mm_OF
-0.1898805988023952,0.017874545454545452,0.36mm_OF
0.06552646706586826,0.08218181818181818,0.36mm_OF
0.0864754491017964,0.1945654545454545,0.36mm_OF
-0.0097437125748503,0.030818181818181814,0.36mm_OF
-0.04835317365269461,0.052390909090909085,0.36mm_OF
0.1542754491017964,0.12450545454545454,0.36mm_OF
0.0010149700598802397,0.15922727272727272,0.36mm_OF
-0.12784562874251496,0.1419690909090909,0.36mm_OF
0.05200706586826346,-0.07232000000000001,0.36mm_OF
0.017132694610778442,-0.034927272727272723,0.36mm_OF
-0.020948982035928144,0.13457272727272726,0.36mm_OF
-0.1330016766467066,-0.031229090909090908,0.36mm_OF
0.06004562874251498,-0.1419690909090909,0.36mm_OF
0.06670383233532935,0.09081090909090908,0.36mm_OF
0.031017485029940117,-0.016436363636363638,0.36mm_OF
0.06004562874251498,-0.0628690909090909,0.36mm_OF
0.027647784431137724,0.02034,0.36mm_OF
0.039218443113772455,-0.04540545454545454,0.36mm_OF
-0.001096167664670659,-0.012121818181818182,0.36mm_OF
0.10908898203592816,-0.004930909090909091,0.36mm_OF
-0.06958634730538922,0.08362,0.36mm_OF
-0.10328335329341318,-0.032667272727272725,0.36mm_OF
0.062400359281437126,0.0226,0.36mm_OF
0.08692203592814371,0.0008218181818181817,0.36mm_OF
-0.02090838323353293,0.015203636363636362,0.36mm_OF
-0.15309808383233536,0.19230545454545456,0.36mm_OF
0.07462059880239523,-0.08012727272727273,0.36mm_OF
0.058218682634730526,0.040474545454545464,0.36mm_OF
-0.07697532934131736,0.0918381818181818,0.36mm_OF
-0.0504237125748503,0.021572727272727268,0.36mm_OF
-0.030895688622754488,0.05691090909090909,0.36mm_OF
-0.03199185628742515,0.08731818181818181,0.36mm_OF
-0.014940359281437126,0.07047090909090907,0.36mm_OF
0.13762994011976049,-0.015203636363636362,0.36mm_OF
-0.0018269461077844308,0.27798,0.36mm_OF
0.002354730538922156,0.010272727272727272,0.36mm_OF
0.09366143712574852,-0.04540545454545454,0.36mm_OF
0.06231916167664672,0.1415581818181818,0.36mm_OF
0.0015833532934131733,0.021778181818181808,0.36mm_OF
-0.12009125748502995,0.10724727272727272,0.36mm_OF
0.072834251497006,-0.02629818181818181,0.36mm_OF
0.022857125748502998,0.006163636363636363,0.36mm_OF
-0.07803089820359281,0.02239454545454545,0.36mm_OF
-0.054727185628742514,0.030818181818181814,0.36mm_OF
0.01335700598802395,-0.09142727272727272,0.36mm_OF
0.0415325748502994,0.015819999999999997,0.36mm_OF
-0.055173772455089816,0.06738909090909091,0.36mm_OF
0.018269461077844308,-0.2461345454545455,0.36mm_OF
0.031179880239520962,0.12943636363636365,0.36mm_OF
0.036417125748503,0.02218909090909091,0.36mm_OF
-0.031098682634730538,-0.17648545454545456,0.36mm_OF
0.08200958083832335,0.05793818181818181,0.36mm_OF
0.04689161676646706,0.021778181818181808,0.36mm_OF
-0.04555185628742516,-0.02444909090909091,0.36mm_OF
0.06853077844311377,0.06595090909090909,0.36mm_OF
0.054483592814371255,0.06964909090909091,0.36mm_OF
0.00596802395209581,-0.06759454545454545,0.36mm_OF
-0.04132958083832335,0.14669454545454544,0.36mm_OF
0.052697245508982034,-0.017874545454545452,0.36mm_OF
-0.06633844311377245,-0.02691454545454545,0.36mm_OF
-0.07762491017964072,0.11238363636363637,0.36mm_OF
-0.044212095808383235,-0.08896181818181817,0.36mm_OF
-0.06540467065868262,0.1676509090909091,0.36mm_OF
-0.015874131736526947,0.10046727272727272,0.36mm_OF
-0.09942646706586826,-0.07992181818181819,0.36mm_OF
-0.04478047904191617,0.17196545454545456,0.36mm_OF
0.07445820359281438,0.27017272727272723,0.36mm_OF
0.039502634730538916,-0.03020181818181818,0.36mm_OF
-0.1275208383233533,0.07560727272727273,0.36mm_OF
0.013275808383233532,0.17176,0.36mm_OF
0.09008874251497008,-0.06595090909090909,0.36mm_OF
-0.022248143712574848,0.15840545454545454,0.36mm_OF
0.036335928143712566,-0.07067636363636362,0.36mm_OF
0.0661354491017964,-0.13498363636363636,0.36mm_OF
0.03280383233532934,0.13683272727272727,0.36mm_OF
0.017538682634730542,-0.03472181818181818,0.36mm_OF
0.14916,-0.04006363636363637,0.36mm_OF
0.014737365269461076,0.09800181818181818,0.36mm_OF
-0.09540718562874252,-0.021572727272727268,0.36mm_OF
0.1229331736526946,-0.08731818181818181,0.36mm_OF
0.11724934131736528,0.18388181818181806,0.36mm_OF
-0.04335952095808383,-0.014587272727272728,0.36mm_OF
-0.05359041916167665,-0.052185454545454535,0.36mm_OF
0.13129652694610774,0.09348181818181817,0.36mm_OF
-0.0035320958083832326,-0.07149818181818181,0.36mm_OF
-0.11201209580838324,0.06615636363636364,0.36mm_OF
0.013722395209580835,-0.029790909090909087,0.36mm_OF
-0.00048718562874251503,-0.08320909090909091,0.36mm_OF
-0.08444550898203594,0.07478545454545454,0.36mm_OF
-0.041045389221556886,0.037803636363636366,0.36mm_OF
0.08866778443113772,0.015614545454545454,0.36mm_OF
-0.16336958083832334,0.05177454545454545,0.36mm_OF
-0.08769341317365269,-0.08608545454545455,0.36mm_OF
0.07734071856287426,-0.021572727272727268,0.36mm_OF
-0.11404203592814373,0.21511090909090907,0.36mm_OF
-0.13905089820359282,-0.044994545454545454,0.36mm_OF
-0.004547065868263473,-0.02547636363636364,0.36mm_OF
-0.0025577245508982037,0.19251090909090907,0.36mm_OF
-0.0907789221556886,0.019723636363636363,0.36mm_OF
0.1033645508982036,-0.052185454545454535,0.36mm_OF
0.09516359281437126,0.10601454545454543,0.36mm_OF
0.0317888622754491,0.09964545454545454,0.36mm_OF
0.06313113772455091,-0.0113,0.36mm_OF
0.09784311377245508,0.037803636363636366,0.36mm_OF
0.17226071856287425,-0.002876363636363636,0.36mm_OF
0.046445029940119766,0.05115818181818182,0.36mm_OF
-0.02789137724550898,0.021572727272727268,0.36mm_OF
0.0541994011976048,0.023627272727272733,0.36mm_OF
0.16259820359281438,0.17607454545454546,0.36mm_OF
-0.035320958083832336,0.01931272727272728,0.36mm_OF
-0.10174059880239522,0.015203636363636362,0.36mm_OF
0.04400910179640719,0.09594727272727273,0.36mm_OF
-0.03613293413173653,0.023421818181818186,0.36mm_OF
-0.027931976047904192,-0.042529090909090905,0.36mm_OF
-0.1186297005988024,0.03862545454545455,0.36mm_OF
-0.07531077844311378,0.01849090909090909,0.36mm_OF
0.09841149700598804,-0.12142363636363634,0.36mm_OF
-0.04851556886227545,0.024654545454545453,0.36mm_OF
-0.15151473053892214,-0.023010909090909092,0.36mm_OF
0.08927676646706588,-0.03636545454545455,0.36mm_OF
0.11331125748502993,0.03698181818181818,0.36mm_OF
-0.1699465868263473,-0.010889090909090907,0.36mm_OF
0.02103017964071856,-0.0041090909090909095,0.36mm_OF
0.15110874251497006,0.00041090909090909085,0.36mm_OF
-0.09638155688622756,-0.02116181818181818,0.36mm_OF
-0.04607964071856288,-0.11731454545454545,0.36mm_OF
0.13523461077844312,0.06081454545454545,0.36mm_OF
-0.003288502994011976,0.05444545454545455,0.36mm_OF
-0.08192838323353294,-0.05095272727272727,0.36mm_OF
-0.00596802395209581,0.08814,0.36mm_OF
-0.003694491017964072,0.06985454545454545,0.36mm_OF
-0.022207544910179643,0.08731818181818181,0.36mm_OF
-0.12236479041916168,0.16251454545454544,0.36mm_OF
-0.06589185628742514,0.14443454545454545,0.36mm_OF
0.04928694610778443,0.07827818181818183,0.36mm_OF
-0.02931233532934132,0.16621272727272726,0.36mm_OF
-0.07786850299401198,0.10375454545454543,0.36mm_OF
0.06321233532934131,0.07560727272727273,0.36mm_OF
0.047013413173652686,0.17751272727272727,0.36mm_OF
-0.03840646706586826,-0.024243636363636363,0.36mm_OF
0.055904550898203585,0.044994545454545454,0.36mm_OF
0.18375017964071846,0.19785272727272726,0.36mm_OF
0.04944934131736527,-0.012943636363636362,0.36mm_OF
-0.10535389221556886,-0.12758727272727272,0.36mm_OF
0.17518383233532933,0.09245454545454544,0.36mm_OF
0.13271748502994013,0.04376181818181818,0.36mm_OF
-0.21078898203592814,-0.14402363636363635,0.36mm_OF
-0.03938083832335329,-0.09656363636363637,0.36mm_OF
0.19487425149700602,-0.11752,0.36mm_OF
-0.08501389221556886,0.024654545454545453,0.36mm_OF
-0.13836071856287424,-0.06985454545454545,0.36mm_OF
0.1063282634730539,-0.14525636363636366,0.36mm_OF
0.01615832335329341,0.13107999999999995,0.36mm_OF
-0.09167209580838324,0.08896181818181817,0.36mm_OF
0.006049221556886228,-0.09101636363636363,0.36mm_OF
0.08136,0.1103290909090909,0.36mm_OF
-0.08468910179640718,0.15922727272727272,0.36mm_OF
-0.0775437125748503,-0.20792,0.36mm_OF
0.15228610778443116,0.05793818181818181,0.36mm_OF
0.043806107784431135,0.1247109090909091,0.36mm_OF
-0.14404455089820362,-0.24120363636363634,0.36mm_OF
-0.03028670658682635,0.07067636363636362,0.36mm_OF
0.14514071856287425,0.11690363636363635,0.36mm_OF
-0.05151988023952096,-0.09882363636363636,0.36mm_OF
-0.14505952095808386,0.1224509090909091,0.36mm_OF
0.12342035928143713,0.15203636363636364,0.36mm_OF
0.05773149700598802,0.06985454545454545,0.36mm_OF
-0.06309053892215569,0.2864036363636364,0.36mm_OF
0.015874131736526947,0.07683999999999999,0.36mm_OF
0.09942646706586826,0.021983636363636358,0.36mm_OF
-0.011042874251497008,0.26215999999999995,0.36mm_OF
-0.05184467065868263,-0.1053981818181818,0.36mm_OF
0.06093880239520956,-0.007807272727272727,0.36mm_OF
0.027363592814371257,0.18778545454545456,0.36mm_OF
0.0275259880239521,-0.08588,0.36mm_OF
0.020948982035928144,-0.05033636363636364,0.36mm_OF
0.150905748502994,0.08505818181818181,0.36mm_OF
0.034508982035928136,0.018901818181818183,0.36mm_OF
-0.03824407185628742,-0.012532727272727272,0.36mm_OF
0.08939856287425149,0.014792727272727272,0.36mm_OF
-0.017741676646706585,-0.0805381818181818,0.36mm_OF
-0.06966754491017964,0.11464363636363635,0.36mm_OF
-0.0062928143712574856,-0.053007272727272715,0.36mm_OF
0.015183952095808384,-0.1957981818181818,0.36mm_OF
-0.12297377245508982,0.14381818181818182,0.36mm_OF
0.0427911377245509,-0.07190909090909091,0.36mm_OF
0.06625724550898204,-0.009040000000000001,0.36mm_OF
-0.047865988023952095,0.15450181818181818,0.36mm_OF
0.029149940119760482,-0.05670545454545455,0.36mm_OF
0.017985269461077844,-0.042529090909090905,0.36mm_OF
0.07920826347305389,0.18614181818181816,0.36mm_OF
0.013194610778443116,0.015203636363636362,0.36mm_OF
-0.002029940119760479,-0.14381818181818182,0.36mm_OF
-0.03536155688622754,0.1826490909090909,0.36mm_OF
0.09215928143712576,-0.03451636363636364,0.36mm_OF
0.025780239520958082,0.053007272727272715,0.36mm_OF
-0.1636131736526946,0.14484545454545456,0.36mm_OF
0.022329341317365272,0.02034,0.36mm_OF
0.006008622754491018,0.19538727272727272,0.36mm_OF
-0.033818802395209575,0.06574545454545455,0.36mm_OF
-0.13113413173652694,0.09163272727272727,0.36mm_OF
0.06447089820359282,0.10211090909090907,0.36mm_OF
0.08338994011976048,0.08074363636363636,0.36mm_OF
-0.12065964071856287,-0.12512181818181814,0.36mm_OF
0.03353461077844312,0.08218181818181818,0.36mm_OF
0.05208826347305389,0.12697090909090908,0.36mm_OF
0.0028013173652694607,-0.2247672727272728,0.36mm_OF
-0.10868299401197604,0.07786727272727273,0.36mm_OF
0.09167209580838324,0.027941818181818186,0.36mm_OF
0.0678,0.03513272727272727,0.36mm_OF
-0.1360465868263473,-0.009450909090909091,0.36mm_OF
0.01453437125748503,0.004930909090909091,0.36mm_OF
0.1334076646706587,0.07745636363636363,0.36mm_OF
0.04039580838323354,-0.023010909090909092,0.36mm_OF
-0.2470843113772455,0.03205090909090909,0.36mm_OF
0.020461796407185626,-0.17751272727272727,0.36mm_OF
0.13271748502994013,0.02013454545454545,0.36mm_OF
-0.13442263473053892,-0.13868181818181818,0.36mm_OF
-0.13137772455089822,-0.0678,0.36mm_OF
0.019568622754491016,0.1758690909090909,0.36mm_OF
0.07490479041916168,-0.13025818181818186,0.36mm_OF
-0.13673676646706587,0.04068,0.36mm_OF
0.011692455089820359,0.11135636363636364,0.36mm_OF
0.01924383233532934,0.12491636363636364,0.36mm_OF
-0.15480323353293413,0.06122545454545455,0.36mm_OF
-0.05480838323353294,0.09923454545454544,0.36mm_OF
0.09118491017964073,0.006574545454545454,0.36mm_OF
0.040842395209580835,-0.055267272727272734,0.36mm_OF
-0.20457736526946108,0.11916363636363635,0.36mm_OF
0.04498347305389221,-0.09512545454545453,0.36mm_OF
0.13917269461077844,0.0538290909090909,0.36mm_OF
-0.11619377245508986,0.06718363636363636,0.36mm_OF
-0.09431101796407183,-0.04540545454545454,0.36mm_OF
0.06702862275449102,0.12429999999999998,0.36mm_OF
0.07571676646706586,0.07745636363636363,0.36mm_OF
-0.04270994011976048,-0.08382545454545455,0.36mm_OF
0.03832526946107785,0.08711272727272727,0.36mm_OF
0.13507221556886226,0.20504363636363634,0.36mm_OF
0.08103520958083832,-0.12902545454545453,0.36mm_OF
0.032925628742514965,0.02527090909090909,0.36mm_OF
0.17311329341317366,0.11998545454545452,0.36mm_OF
0.06727221556886227,-0.12738181818181818,0.36mm_OF
-0.0914691017964072,0.07992181818181819,0.36mm_OF
0.11152491017964072,0.1916890909090909,0.36mm_OF
0.13020035928143714,-0.018285454545454542,0.36mm_OF
-0.11704634730538922,0.08320909090909091,0.36mm_OF
0.011245868263473052,0.09266,0.36mm_OF
0.2032782035928144,-0.04109090909090909,0.36mm_OF
-0.1297131736526946,0.09060545454545453,0.36mm_OF
-0.10714023952095808,0.052390909090909085,0.36mm_OF
0.10190299401197604,-0.03944727272727274,0.36mm_OF
0.03410299401197605,-0.053007272727272715,0.36mm_OF
-0.06987053892215568,0.03225636363636363,0.36mm_OF
0.006333413173652693,-0.02547636363636364,0.36mm_OF
0.15796994011976048,0.08629090909090907,0.36mm_OF
0.030814491017964067,0.06862181818181817,0.36mm_OF
-0.017457485029940118,-0.03287272727272728,0.36mm_OF
-0.04177616766467066,0.2342181818181818,0.36mm_OF
0.092402874251497,-0.04807636363636364,0.36mm_OF
0.07352443113772457,0.033694545454545456,0.36mm_OF
-0.0635777245508982,0.09841272727272728,0.36mm_OF
0.05030191616766467,-0.09224909090909092,0.36mm_OF
0.016929700598802395,0.07314181818181817,0.36mm_OF
-0.022085748502994013,0.058965454545454536,0.36mm_OF
-0.04737880239520958,-0.0012327272727272727,0.36mm_OF
0.12869820359281434,-0.04294,0.36mm_OF
-0.05675712574850299,0.16600727272727273,0.36mm_OF
-0.18590191616766466,0.039652727272727284,0.36mm_OF
0.10823640718562874,0.1999072727272727,0.36mm_OF
0.07904586826347305,0.13724363636363635,0.36mm_OF
-0.042872335329341316,-0.0741690909090909,0.36mm_OF
-0.1812736526946108,0.2194254545454545,0.36mm_OF
0.12130922155688625,-0.0764290909090909,0.36mm_OF
0.06325293413173652,0.07006,0.36mm_OF
-0.1867138922155689,-0.034310909090909086,0.36mm_OF
-0.022207544910179643,-0.13868181818181818,0.36mm_OF
0.07547317365269461,0.04746,0.36mm_OF
0.013803592814371258,0.028763636363636363,0.36mm_OF
-0.16442514970059882,-0.052185454545454535,0.36mm_OF
0.09268706586826347,-0.0967690909090909,0.36mm_OF
0.0003653892215568862,0.2633927272727273,0.36mm_OF
-0.10669365269461076,-0.1921,0.36mm_OF
0.04571425149700599,0.042734545454545456,0.36mm_OF
-0.0288251497005988,0.11977999999999996,0.36mm_OF
-0.08375532934131738,-0.27962363636363635,0.36mm_OF
-0.08980455089820359,0.1257381818181818,0.36mm_OF
0.06873377245508983,-0.05629454545454545,0.36mm_OF
-0.035402155688622754,-0.04622727272727272,0.36mm_OF
-0.036538922155688616,-0.0113,0.36mm_OF
0.05691952095808382,0.0727309090909091,0.36mm_OF
0.025496047904191608,0.001438181818181818,0.36mm_OF
-0.00048718562874251503,0.13498363636363636,0.36mm_OF
-0.0885865868263473,0.09348181818181817,0.36mm_OF
0.014250179640718563,-0.2617490909090909,0.36mm_OF
-0.008769341317365271,0.29955272727272725,0.36mm_OF
-0.03211365269461078,-0.009040000000000001,0.36mm_OF
-0.08935796407185627,-0.1166981818181818,0.36mm_OF
-0.010433892215568863,0.08074363636363636,0.36mm_OF
0.14587149700598806,-0.00041090909090909085,0.36mm_OF
-0.1340166467065868,0.07232000000000001,0.36mm_OF
-0.0809540119760479,0.016847272727272728,0.36mm_OF
0.1902459880239521,0.1808,0.36mm_OF
0.0783556886227545,-0.1296418181818182,0.36mm_OF
-0.16369437125748498,0.05608909090909092,0.36mm_OF
0.04888095808383234,0.1469,0.36mm_OF
0.2106671856287425,0.06677272727272728,0.36mm_OF
-0.1740876646706587,0.01766909090909091,0.36mm_OF
-0.055823353293413175,-0.16970545454545455,0.36mm_OF
0.14469413173652695,0.1224509090909091,0.36mm_OF
-0.0809540119760479,-0.026503636363636358,0.36mm_OF
-0.06991113772455089,0.06964909090909091,0.36mm_OF
0.12723664670658685,0.003492727272727273,0.36mm_OF
0.051966467065868265,-0.00020545454545454542,0.36mm_OF
-0.08010143712574849,0.10334363636363636,0.36mm_OF
0.1678354491017964,-0.0016436363636363634,0.36mm_OF
0.09544778443113773,0.10498727272727272,0.36mm_OF
-0.09215928143712576,-0.07745636363636363,0.36mm_OF
0.06682562874251496,0.09348181818181817,0.36mm_OF
0.07880227544910179,-0.04746,0.36mm_OF
-0.006861197604790419,-0.004725454545454546,0.36mm_OF
0.006211616766467066,0.11854727272727272,0.36mm_OF
0.0910631137724551,-0.12984727272727273,0.36mm_OF
0.07056071856287426,0.05608909090909092,0.36mm_OF
0.02959652694610778,0.07704545454545454,0.36mm_OF
0.0339,0.09163272727272727,0.36mm_OF
-0.003329101796407185,0.06122545454545455,0.36mm_OF
-0.013032215568862277,0.09594727272727273,0.36mm_OF
-0.01936562874251497,0.029585454545454543,0.36mm_OF
0.003085508982035928,0.016025454545454544,0.36mm_OF
0.020502395209580842,0.1148490909090909,0.36mm_OF
0.0036538922155688615,-0.048487272727272726,0.36mm_OF
-0.03223544910179641,0.0583490909090909,0.36mm_OF
-0.08403952095808383,0.08629090909090907,0.36mm_OF
0.11091592814371258,0.005547272727272727,0.36mm_OF
0.016807904191616766,-0.004314545454545455,0.36mm_OF
-0.17400646706586828,0.12738181818181818,0.36mm_OF
0.050586107784431136,0.06471818181818181,0.36mm_OF
0.08022323353293412,0.02095636363636364,0.36mm_OF
-0.05009892215568863,0.18552545454545447,0.36mm_OF
-0.06406491017964072,0.015819999999999997,0.36mm_OF
0.1279674251497006,0.07909999999999999,0.36mm_OF
-0.024562275449101795,0.0727309090909091,0.36mm_OF
-0.09012934131736527,-0.01931272727272728,0.36mm_OF
0.03625473053892216,0.06985454545454545,0.36mm_OF
-0.08675964071856287,0.07622363636363635,0.36mm_OF
-0.02407508982035928,-0.015614545454545454,0.36mm_OF
-0.03536155688622754,-0.010067272727272723,0.36mm_OF
0.08083221556886228,0.05547272727272727,0.36mm_OF
-0.051722874251497006,-0.05958181818181817,0.36mm_OF
-0.03913724550898203,0.10046727272727272,0.36mm_OF
0.16523712574850302,0.040885454545454544,0.36mm_OF
0.054767784431137716,-0.13868181818181818,0.36mm_OF
0.014777964071856288,0.07951090909090908,0.36mm_OF
0.0013397604790419163,0.014792727272727272,0.36mm_OF
0.12829221556886228,-0.1668290909090909,0.36mm_OF
-0.13836071856287424,0.052390909090909085,0.36mm_OF
-0.07153508982035929,0.09142727272727272,0.36mm_OF
0.017010898203592816,-0.16436363636363635,0.36mm_OF
-0.09609736526946107,0.03102363636363636,0.36mm_OF
-0.03865005988023952,0.03472181818181818,0.36mm_OF
-0.12658706586826346,-0.1469,0.36mm_OF
0.03402179640718563,0.16641818181818185,0.36mm_OF
-0.06516107784431137,0.08896181818181817,0.36mm_OF
