Drive_End,Fan_End,Label
0.5917511776447106,-0.03533818181818182,0.36mm_BF
-0.047918363273453085,-0.06656727272727272,0.36mm_BF
-0.5774568862275449,0.11834181818181815,0.36mm_BF
0.21181540918163672,0.04068,0.36mm_BF
0.7030192415169662,-0.08300363636363636,0.36mm_BF
-0.01981708582834332,0.08115454545454545,0.36mm_BF
-0.4744730139720559,0.09985090909090907,0.36mm_BF
0.12702427145708586,0.005341818181818182,0.36mm_BF
0.6369081437125749,-0.002465454545454545,0.36mm_BF
0.012832375249500998,0.026709090909090908,0.36mm_BF
-0.539609500998004,0.113,0.36mm_BF
0.02339065868263473,-0.0565,0.36mm_BF
0.42021968063872256,-0.053007272727272715,0.36mm_BF
-0.0445072255489022,0.027325454545454545,0.36mm_BF
-0.3204845109780439,0.052185454545454535,0.36mm_BF
0.006172534930139721,0.08752363636363636,0.36mm_BF
0.13579576846307384,-0.06225272727272727,0.36mm_BF
-0.11451676646706585,-0.048487272727272726,0.36mm_BF
-0.17104419161676646,0.05444545454545455,0.36mm_BF
0.014456726546906188,0.031229090909090908,0.36mm_BF
-0.08235461077844311,-0.16703454545454546,0.36mm_BF
-0.2049931337325349,-0.042529090909090905,0.36mm_BF
0.08885201596806389,0.18758,0.36mm_BF
0.16925740518962076,-0.0113,0.36mm_BF
-0.26070838323353296,-0.031639999999999995,0.36mm_BF
-0.342413253493014,0.047254545454545466,0.36mm_BF
0.2451146107784431,0.06040363636363636,0.36mm_BF
0.2933578443113773,0.0447890909090909,0.36mm_BF
-0.3489106586826347,-0.05608909090909092,0.36mm_BF
-0.3740881037924152,-0.03636545454545455,0.36mm_BF
0.3196723353293413,0.07088181818181817,0.36mm_BF
0.4700872654690619,0.059170909090909087,0.36mm_BF
-0.2288710978043912,-0.021983636363636358,0.36mm_BF
-0.35264666666666666,0.08382545454545455,0.36mm_BF
0.2855609580838324,0.17689636363636366,0.36mm_BF
0.3813976846307385,0.06964909090909091,0.36mm_BF
-0.16324730538922155,-0.04561090909090909,0.36mm_BF
-0.2277340518962076,0.13909272727272726,0.36mm_BF
0.2675306586826348,0.21449454545454544,0.36mm_BF
0.2776016367265469,-0.0470490909090909,0.36mm_BF
-0.1174405988023952,0.03903636363636363,0.36mm_BF
-0.02176630738522954,0.13477818181818182,0.36mm_BF
0.3113881437125749,0.08752363636363636,0.36mm_BF
0.0038984431137724547,0.10663090909090908,0.36mm_BF
-0.24349025948103795,-0.008218181818181819,0.36mm_BF
0.16146051896207586,0.01931272727272728,0.36mm_BF
0.26200786427145706,0.11341090909090908,0.36mm_BF
-0.16194782435129745,0.024654545454545453,0.36mm_BF
-0.23520606786427145,-0.09245454545454544,0.36mm_BF
0.24446487025948105,0.1031381818181818,0.36mm_BF
0.24056642714570856,0.0741690909090909,0.36mm_BF
-0.269804750499002,-0.12019090909090907,0.36mm_BF
-0.2478760079840319,0.10211090909090907,0.36mm_BF
0.2256223952095809,-0.01047818181818182,0.36mm_BF
0.2639570858283433,-0.1171090909090909,0.36mm_BF
-0.15285145708582834,0.07683999999999999,0.36mm_BF
-0.1599986027944112,0.029585454545454543,0.36mm_BF
0.15788694610778442,-0.04006363636363637,0.36mm_BF
0.10168439121756488,0.05198,0.36mm_BF
-0.2048306986027945,0.00678,0.36mm_BF
-0.16016103792415168,-0.005752727272727272,0.36mm_BF
0.02241604790419161,0.15902181818181815,0.36mm_BF
-0.07991808383233533,-0.03307818181818182,0.36mm_BF
-0.11890251497005988,-0.017052727272727268,0.36mm_BF
0.035085988023952096,0.13190181818181818,0.36mm_BF
0.15512554890219565,0.08033272727272728,0.36mm_BF
-0.031025109780439118,0.10211090909090907,0.36mm_BF
-0.11484163672654693,-0.017052727272727268,0.36mm_BF
0.16324730538922155,0.10149454545454543,0.36mm_BF
0.10168439121756488,0.19415454545454544,0.36mm_BF
-0.1824146506986028,0.03328363636363636,0.36mm_BF
-0.08267948103792415,-0.01664181818181818,0.36mm_BF
0.2457643512974052,0.1370381818181818,0.36mm_BF
0.16584626746506986,0.06738909090909091,0.36mm_BF
-0.11354215568862275,-0.06225272727272727,0.36mm_BF
0.035898163672654686,0.11402727272727273,0.36mm_BF
0.2706169261477045,-0.001849090909090909,0.36mm_BF
0.0916134131736527,0.05814363636363636,0.36mm_BF
-0.192160758483034,0.023216363636363632,0.36mm_BF
-0.0064974051896207604,-0.11382181818181818,0.36mm_BF
0.218475249500998,0.14443454545454545,0.36mm_BF
0.0009746107784431137,0.03307818181818182,0.36mm_BF
-0.201581996007984,-0.11074,0.36mm_BF
-0.047918363273453085,0.06410181818181818,0.36mm_BF
0.09811081836327347,0.11156181818181818,0.36mm_BF
-0.09876055888223552,-0.11628727272727273,0.36mm_BF
-0.22838379241516965,0.010067272727272723,0.36mm_BF
-0.08852714570858282,-0.02753090909090909,0.36mm_BF
0.0012994810379241516,-0.17484181818181818,0.36mm_BF
-0.05019245508982036,0.16025454545454546,0.36mm_BF
-0.01673081836327345,-0.07704545454545454,0.36mm_BF
0.1002224750499002,-0.12943636363636365,0.36mm_BF
0.021279001996007983,0.11834181818181815,0.36mm_BF
-0.056689860279441125,0.009861818181818182,0.36mm_BF
0.01721812375249501,-0.003492727272727273,0.36mm_BF
0.01266994011976048,0.03451636363636364,0.36mm_BF
-0.08349165668662675,-0.03451636363636364,0.36mm_BF
-0.10168439121756488,-0.023421818181818186,0.36mm_BF
0.01413185628742515,0.14505090909090906,0.36mm_BF
0.06042586826347305,-0.028352727272727283,0.36mm_BF
-0.02810127744510978,0.06944363636363636,0.36mm_BF
0.004060878243512974,0.15203636363636364,0.36mm_BF
0.12117660678642715,-0.001849090909090909,0.36mm_BF
0.05847664670658681,0.17196545454545456,0.36mm_BF
-0.01673081836327345,0.07108727272727272,0.36mm_BF
0.04856810379241517,0.006574545454545454,0.36mm_BF
0.07991808383233533,0.05115818181818182,0.36mm_BF
0.005522794411177645,0.11053454545454544,0.36mm_BF
0.01461916167664671,0.10252181818181816,0.36mm_BF
0.09275045908183632,0.09122181818181817,0.36mm_BF
0.04775592814371258,0.06903272727272727,0.36mm_BF
0.012832375249500998,0.012121818181818182,0.36mm_BF
0.049867584830339325,0.13477818181818182,0.36mm_BF
0.08836471057884232,-0.1031381818181818,0.36mm_BF
0.04596914171656687,-0.06923818181818181,0.36mm_BF
-0.02046682634730539,0.07622363636363635,0.36mm_BF
0.049542714570858286,-0.10149454545454543,0.36mm_BF
0.028751017964071857,-0.01623090909090909,0.36mm_BF
-0.10688231536926147,0.07170363636363636,0.36mm_BF
-0.08722766467065868,-0.01623090909090909,0.36mm_BF
-0.03963417165668663,-0.034927272727272723,0.36mm_BF
-0.08073025948103793,0.051569090909090905,0.36mm_BF
-0.10493309381237524,-0.040885454545454544,0.36mm_BF
-0.05344115768463074,0.037598181818181815,0.36mm_BF
0.024365269461077844,0.07355272727272727,0.36mm_BF
0.014944031936127743,-0.03883090909090909,0.36mm_BF
-0.07845616766467066,0.14217454545454544,0.36mm_BF
-0.05782690618762475,0.12142363636363634,0.36mm_BF
0.06269996007984031,0.04232363636363636,0.36mm_BF
0.008446626746506987,0.06369090909090909,0.36mm_BF
-0.08998906187624751,-0.010067272727272723,0.36mm_BF
-0.0050354890219560895,-0.02013454545454545,0.36mm_BF
0.11532894211576848,0.12347818181818182,0.36mm_BF
0.08787740518962077,0.025065454545454544,0.36mm_BF
-0.03151241516966068,-0.09348181818181817,0.36mm_BF
-0.02176630738522954,0.20504363636363634,0.36mm_BF
0.09486211576846308,0.1341618181818182,0.36mm_BF
0.07764399201596807,-0.07129272727272727,0.36mm_BF
-0.04077121756487026,0.06533454545454545,0.36mm_BF
-0.02777640718562874,0.11053454545454544,0.36mm_BF
0.1302729740518962,-0.005958181818181818,0.36mm_BF
0.12799888223552894,-0.010272727272727272,0.36mm_BF
-0.008446626746506987,0.02075090909090909,0.36mm_BF
0.00925880239520958,0.03554363636363636,0.36mm_BF
0.08349165668662675,0.13477818181818182,0.36mm_BF
0.059938562874251484,0.010889090909090907,0.36mm_BF
-0.017380558882235532,0.046432727272727264,0.36mm_BF
0.02387796407185629,0.15388545454545455,0.36mm_BF
0.0951869860279441,-0.006985454545454546,0.36mm_BF
-0.01916734530938124,-0.021572727272727268,0.36mm_BF
-0.12133904191616765,0.040474545454545464,0.36mm_BF
-0.01673081836327345,0.036570909090909084,0.36mm_BF
-0.018192734530938125,0.023216363636363632,0.36mm_BF
-0.1517144111776447,0.07006,0.36mm_BF
-0.07601964071856288,-0.014792727272727272,0.36mm_BF
0.04353261477045908,-0.004520000000000001,0.36mm_BF
0.011208023952095808,0.08136,0.36mm_BF
-0.07130902195608782,-0.03225636363636363,0.36mm_BF
-0.05409089820359282,-0.02753090909090909,0.36mm_BF
0.010720718562874251,0.005958181818181818,0.36mm_BF
-0.0022740918163672657,0.03554363636363636,0.36mm_BF
-0.07325824351297405,-0.03225636363636363,0.36mm_BF
-0.08186730538922156,-0.03800909090909091,0.36mm_BF
-0.0071471457085828345,0.04376181818181818,0.36mm_BF
0.017867864271457083,0.034105454545454536,0.36mm_BF
0.02257848303393213,-0.00678,0.36mm_BF
0.0376849500998004,-0.09594727272727273,0.36mm_BF
0.07553233532934131,0.024243636363636363,0.36mm_BF
0.10834423153692617,0.016025454545454544,0.36mm_BF
0.034923552894211576,-0.01869636363636364,0.36mm_BF
-0.04401992015968064,0.11135636363636364,0.36mm_BF
0.013319680638722554,0.08772909090909091,0.36mm_BF
0.022903353293413174,0.08526363636363636,0.36mm_BF
-0.02810127744510978,0.10437090909090907,0.36mm_BF
0.0027613972055888225,0.08156545454545455,0.36mm_BF
0.05262898203592815,0.11053454545454544,0.36mm_BF
0.07634451097804391,0.1668290909090909,0.36mm_BF
-0.00925880239520958,0.036776363636363635,0.36mm_BF
-0.008284191616766471,0.06595090909090909,0.36mm_BF
0.1258872255489022,0.14505090909090906,0.36mm_BF
0.08332922155688623,-0.030612727272727274,0.36mm_BF
-0.08495357285429142,0.046432727272727264,0.36mm_BF
-0.04093365269461078,0.08156545454545455,0.36mm_BF
0.10233413173652696,-0.041707272727272725,0.36mm_BF
0.015268902195608782,0.045816363636363634,0.36mm_BF
-0.09827325349301397,0.07108727272727272,0.36mm_BF
-0.05636499001996007,-0.11135636363636364,0.36mm_BF
0.07472015968063872,-0.02075090909090909,0.36mm_BF
0.04353261477045908,0.05115818181818182,0.36mm_BF
-0.11841520958083833,-0.11690363636363635,0.36mm_BF
-0.043857485029940114,0.005136363636363636,0.36mm_BF
0.09632403193612774,-0.043145454545454535,0.36mm_BF
0.03995904191616766,-0.0741690909090909,0.36mm_BF
-0.07017197604790419,0.07190909090909091,0.36mm_BF
-0.06464918163672655,-0.049309090909090914,0.36mm_BF
-0.053928463073852295,-0.003287272727272727,0.36mm_BF
-0.061887784431137724,0.08670181818181817,0.36mm_BF
-0.0402839121756487,-0.0016436363636363634,0.36mm_BF
-0.07342067864271458,0.012532727272727272,0.36mm_BF
-0.09388750499001997,0.08690727272727272,0.36mm_BF
-0.022740918163672654,0.009450909090909091,0.36mm_BF
0.042720439121756486,0.04787090909090909,0.36mm_BF
0.021279001996007983,0.11793090909090907,0.36mm_BF
0.0,0.030818181818181814,0.36mm_BF
0.0368727744510978,0.12060181818181814,0.36mm_BF
0.1190649500998004,0.07766181818181818,0.36mm_BF
0.1096437125748503,-0.004725454545454546,0.36mm_BF
-0.014456726546906188,0.15306363636363635,0.36mm_BF
0.04158339321357285,0.11217818181818184,0.36mm_BF
0.11110562874251496,-0.01869636363636364,0.36mm_BF
0.004873053892215568,0.09615272727272728,0.36mm_BF
0.04060878243512974,0.09266,0.36mm_BF
0.1406688223552894,-0.036776363636363635,0.36mm_BF
0.10412091816367268,0.08485272727272727,0.36mm_BF
-0.0030862674650698604,0.041707272727272725,0.36mm_BF
0.07472015968063872,-0.06327999999999999,0.36mm_BF
0.2395918163672655,0.10786363636363636,0.36mm_BF
0.042558003992015966,0.021983636363636358,0.36mm_BF
-0.13417141716566866,-0.06410181818181818,0.36mm_BF
0.03037536926147705,0.09492,0.36mm_BF
0.04418235528942116,0.04376181818181818,0.36mm_BF
-0.15853668662674653,-0.02095636363636364,0.36mm_BF
-0.1866379640718563,0.07396363636363636,0.36mm_BF
-0.0316748502994012,0.031639999999999995,0.36mm_BF
-0.006822275449101796,-0.05054181818181818,0.36mm_BF
-0.1405063872255489,0.0226,0.36mm_BF
-0.10265900199600796,0.004520000000000001,0.36mm_BF
0.01803029940119761,0.01849090909090909,0.36mm_BF
-0.04207069860279442,0.05095272727272727,0.36mm_BF
-0.0976235129740519,-0.07889454545454545,0.36mm_BF
-0.004873053892215568,-0.02486,0.36mm_BF
-0.007309580838323355,0.043350909090909086,0.36mm_BF
-0.1351460279441118,0.020545454545454544,0.36mm_BF
-0.08722766467065868,-0.015614545454545454,0.36mm_BF
0.03329920159680639,-0.07170363636363636,0.36mm_BF
-0.0011370459081836328,0.06595090909090909,0.36mm_BF
-0.02972562874251497,0.04807636363636364,0.36mm_BF
0.1106183233532934,-0.01766909090909091,0.36mm_BF
0.14261804391217564,0.10519272727272726,0.36mm_BF
-0.008284191616766471,0.11854727272727272,0.36mm_BF
0.04401992015968064,0.10396,0.36mm_BF
0.20304391217564868,0.11957454545454545,0.36mm_BF
0.10996858283433134,0.10457636363636363,0.36mm_BF
-0.044994530938123764,0.04006363636363637,0.36mm_BF
0.041096087824351285,0.07252545454545453,0.36mm_BF
0.14018151696606787,0.09717999999999999,0.36mm_BF
-0.0050354890219560895,0.012121818181818182,0.36mm_BF
-0.08495357285429142,0.0727309090909091,0.36mm_BF
0.07731912175648703,0.09594727272727273,0.36mm_BF
0.08722766467065868,0.02629818181818181,0.36mm_BF
-0.09876055888223552,0.09019454545454544,0.36mm_BF
-0.09080123752495008,0.09142727272727272,0.36mm_BF
0.07130902195608782,0.004520000000000001,0.36mm_BF
-0.0017867864271457086,-0.0452,0.36mm_BF
-0.1932978043912176,-0.07540181818181818,0.36mm_BF
-0.09193828343313372,-0.015614545454545454,0.36mm_BF
0.08511600798403192,-0.06903272727272727,0.36mm_BF
-0.02940075848303393,-0.10848,0.36mm_BF
-0.16389704590818366,0.004930909090909091,0.36mm_BF
-0.007472015968063871,0.012532727272727272,0.36mm_BF
0.08251704590818364,-0.011505454545454544,0.36mm_BF
-0.06432431137724551,-0.024243636363636363,0.36mm_BF
-0.12881105788423153,-0.0583490909090909,0.36mm_BF
0.0154313373253493,-0.04972,0.36mm_BF
0.05344115768463074,0.009245454545454545,0.36mm_BF
-0.11841520958083833,-0.009450909090909091,0.36mm_BF
-0.07991808383233533,0.01849090909090909,0.36mm_BF
0.0402839121756487,0.1212181818181818,0.36mm_BF
0.006334970059880239,0.0805381818181818,0.36mm_BF
-0.05555281437125748,0.08423636363636364,0.36mm_BF
0.04483209580838323,0.13272363636363635,0.36mm_BF
0.12653696606786427,0.1008781818181818,0.36mm_BF
0.0719587624750499,0.07478545454545454,0.36mm_BF
0.08040538922155689,0.04889818181818182,0.36mm_BF
0.11597868263473055,0.10971272727272724,0.36mm_BF
0.1559377245508982,0.1727872727272727,0.36mm_BF
0.0916134131736527,0.043145454545454535,0.36mm_BF
0.12296339321357284,0.10519272727272726,0.36mm_BF
0.09128854291417167,0.17176,0.36mm_BF
0.06838518962075849,-0.007807272727272727,0.36mm_BF
0.17851620758483033,0.07458,0.36mm_BF
0.0334616367265469,0.036160000000000005,0.36mm_BF
-0.10834423153692617,-0.06081454545454545,0.36mm_BF
0.00795932135728543,0.06595090909090909,0.36mm_BF
0.14099369261477046,0.04232363636363636,0.36mm_BF
-0.08365409181636728,-0.057116363636363625,0.36mm_BF
-0.17542994011976046,0.04458363636363636,0.36mm_BF
0.061887784431137724,0.07560727272727273,0.36mm_BF
0.12361313373253495,-0.13785999999999998,0.36mm_BF
-0.10736962075848304,0.012327272727272728,0.36mm_BF
-0.1877750099800399,-0.009656363636363637,0.36mm_BF
0.08527844311377245,-0.0967690909090909,0.36mm_BF
0.00958367265469062,0.04068,0.36mm_BF
-0.19427241516966068,-0.03143454545454545,0.36mm_BF
-0.0675730139720559,0.0583490909090909,0.36mm_BF
0.0308626746506986,0.06451272727272726,0.36mm_BF
-0.1054203992015968,0.05198,0.36mm_BF
-0.13059784431137725,-0.014587272727272728,0.36mm_BF
0.08446626746506987,0.058965454545454536,0.36mm_BF
0.05425333333333333,0.10272727272727272,0.36mm_BF
-0.13595820359281438,-0.02095636363636364,0.36mm_BF
-0.0471061876247505,0.11464363636363635,0.36mm_BF
0.18907449101796409,0.07252545454545453,0.36mm_BF
0.03784738522954092,0.15347454545454545,0.36mm_BF
-0.1448921357285429,0.08300363636363636,0.36mm_BF
0.12621209580838322,0.057527272727272726,0.36mm_BF
0.2623327345309381,0.1247109090909091,0.36mm_BF
0.06269996007984031,-0.034310909090909086,0.36mm_BF
-0.04726862275449102,0.1193690909090909,0.36mm_BF
0.12442530938123753,0.09841272727272728,0.36mm_BF
0.1780289021956088,0.006163636363636363,0.36mm_BF
-0.0779688622754491,0.01664181818181818,0.36mm_BF
-0.08430383233532934,0.07108727272727272,0.36mm_BF
0.11841520958083833,0.010067272727272723,0.36mm_BF
0.03411137724550898,-0.07129272727272727,0.36mm_BF
-0.14164343313373254,0.015614545454545454,0.36mm_BF
-0.004385748502994012,-0.09697454545454544,0.36mm_BF
0.13498359281437125,-0.053418181818181816,0.36mm_BF
-0.10395848303393214,0.01766909090909091,0.36mm_BF
-0.21993716566866267,-0.03944727272727274,0.36mm_BF
-0.042558003992015966,-0.0008218181818181817,0.36mm_BF
0.006822275449101796,0.039652727272727284,0.36mm_BF
-0.171206626746507,-0.04458363636363636,0.36mm_BF
-0.23764259481037925,-0.034310909090909086,0.36mm_BF
-0.012182634730538922,0.008012727272727272,0.36mm_BF
0.07212119760479042,-0.09142727272727272,0.36mm_BF
-0.07634451097804391,0.04129636363636364,0.36mm_BF
-0.08836471057884232,0.04150181818181818,0.36mm_BF
0.1054203992015968,-0.03985818181818182,0.36mm_BF
0.07260850299401198,0.05465090909090909,0.36mm_BF
-0.10834423153692617,0.05259636363636363,0.36mm_BF
-0.013482115768463074,-0.004520000000000001,0.36mm_BF
0.06286239520958083,0.05608909090909092,0.36mm_BF
-0.04548183632734532,0.10724727272727272,0.36mm_BF
-0.11451676646706585,-0.05958181818181817,0.36mm_BF
0.006984710578842315,0.06512909090909091,0.36mm_BF
0.09372506986027944,0.12019090909090907,0.36mm_BF
0.021441437125748503,0.024243636363636363,0.36mm_BF
-0.01900491017964072,0.15984363636363638,0.36mm_BF
0.0805678243512974,0.06163636363636363,0.36mm_BF
0.18615065868263472,0.05033636363636364,0.36mm_BF
0.060913173652694615,0.08711272727272727,0.36mm_BF
0.021603872255489025,0.049309090909090914,0.36mm_BF
0.09356263473053893,0.05259636363636363,0.36mm_BF
0.07650694610778443,0.0452,0.36mm_BF
0.049380279441117766,0.0538290909090909,0.36mm_BF
0.00925880239520958,0.029585454545454543,0.36mm_BF
0.046943752495009976,0.11854727272727272,0.36mm_BF
0.059938562874251484,0.007190909090909091,0.36mm_BF
0.008771497005988024,-0.014998181818181815,0.36mm_BF
-0.014294291417165669,0.05424,0.36mm_BF
0.05149193612774451,-0.01725818181818182,0.36mm_BF
0.05750203592814372,0.02075090909090909,0.36mm_BF
-0.07179632734530939,-0.02239454545454545,0.36mm_BF
-0.08674035928143713,0.0012327272727272727,0.36mm_BF
-0.0009746107784431137,-0.004725454545454546,0.36mm_BF
0.04548183632734532,0.015614545454545454,0.36mm_BF
-0.06042586826347305,0.001849090909090909,0.36mm_BF
-0.11776546906187625,0.003698181818181818,0.36mm_BF
0.03703520958083832,0.07149818181818181,0.36mm_BF
0.09729864271457084,0.016025454545454544,0.36mm_BF
-0.05798934131736527,0.13498363636363636,0.36mm_BF
-0.08154243512974052,0.05793818181818181,0.36mm_BF
0.07715668662674653,0.036160000000000005,0.36mm_BF
0.03671033932135728,0.17545818181818182,0.36mm_BF
-0.07699425149700599,0.06759454545454545,0.36mm_BF
-0.004548183632734531,0.033694545454545456,0.36mm_BF
0.12783644710578845,0.14073636363636366,0.36mm_BF
0.05928882235528943,0.0986181818181818,0.36mm_BF
-0.07049684630738523,-0.00862909090909091,0.36mm_BF
0.06984710578842315,0.1641581818181818,0.36mm_BF
0.2278964870259481,0.1193690909090909,0.36mm_BF
0.06529892215568862,-0.014176363636363638,0.36mm_BF
-0.08706522954091818,0.05033636363636364,0.36mm_BF
0.1138670259481038,0.03472181818181818,0.36mm_BF
0.2006073852295409,0.05033636363636364,0.36mm_BF
0.013806986027944113,0.019723636363636363,0.36mm_BF
-0.09356263473053893,0.00041090909090909085,0.36mm_BF
0.038497125748503,0.039652727272727284,0.36mm_BF
0.158374251497006,0.12409454545454544,0.36mm_BF
-0.07780642714570858,-0.01356,0.36mm_BF
-0.19475972055888224,-0.02095636363636364,0.36mm_BF
-0.0011370459081836328,0.05074727272727272,0.36mm_BF
0.0196546506986028,-0.14402363636363635,0.36mm_BF
-0.11078075848303394,0.021367272727272728,0.36mm_BF
-0.1046082235528942,0.02547636363636364,0.36mm_BF
-0.03281189620758483,-0.08464727272727272,0.36mm_BF
-0.02712666666666667,0.023421818181818186,0.36mm_BF
-0.045644271457085835,-0.006163636363636363,0.36mm_BF
-0.02209117764471058,-0.051569090909090905,0.36mm_BF
-0.027451536926147702,0.03246181818181818,0.36mm_BF
-0.07439528942115768,0.008012727272727272,0.36mm_BF
-0.016243512974051896,-0.13354545454545455,0.36mm_BF
0.05067976047904192,0.10108363636363636,0.36mm_BF
0.009096367265469064,0.04232363636363636,0.36mm_BF
-0.08284191616766468,-0.054856363636363634,0.36mm_BF
-0.0050354890219560895,0.15265272727272727,0.36mm_BF
0.0308626746506986,0.02712,0.36mm_BF
-0.13579576846307384,0.027325454545454545,0.36mm_BF
-0.10006003992015967,0.05465090909090909,0.36mm_BF
0.08219217564870257,0.0006163636363636364,0.36mm_BF
0.05067976047904192,0.02855818181818182,0.36mm_BF
-0.10834423153692617,0.05958181818181817,0.36mm_BF
0.0050354890219560895,0.06595090909090909,0.36mm_BF
0.1791659481037924,0.10950727272727273,0.36mm_BF
0.09599916167664672,0.08875636363636362,0.36mm_BF
-0.07748155688622754,-0.06225272727272727,0.36mm_BF
-0.007309580838323355,0.11998545454545452,0.36mm_BF
0.1497651896207585,0.03451636363636364,0.36mm_BF
0.03281189620758483,-0.14237999999999998,0.36mm_BF
-0.0094212375249501,0.11464363636363635,0.36mm_BF
0.11126806387225548,0.0339,0.36mm_BF
0.13904447105788426,-0.08033272727272728,0.36mm_BF
0.0573396007984032,0.09327636363636364,0.36mm_BF
0.035085988023952096,0.057116363636363625,0.36mm_BF
0.031187544910179638,-0.1031381818181818,0.36mm_BF
-0.038821996007984035,0.003287272727272727,0.36mm_BF
-0.05441576846307385,-0.014792727272727272,0.36mm_BF
-0.01413185628742515,-0.07211454545454546,0.36mm_BF
0.009096367265469064,0.06595090909090909,0.36mm_BF
-0.07829373253493015,-0.02691454545454545,0.36mm_BF
-0.11289241516966067,0.059787272727272724,0.36mm_BF
-0.0445072255489022,0.17545818181818182,0.36mm_BF
-0.056689860279441125,-0.012121818181818182,0.36mm_BF
-0.14083125748502995,0.015614545454545454,0.36mm_BF
-0.11484163672654693,0.12388909090909092,0.36mm_BF
0.0334616367265469,-0.03287272727272728,0.36mm_BF
0.0924255888223553,-0.043350909090909086,0.36mm_BF
0.01575620758483034,0.14053090909090907,0.36mm_BF
-0.02712666666666667,0.044172727272727266,0.36mm_BF
0.09599916167664672,0.059787272727272724,0.36mm_BF
0.11013101796407183,0.1608709090909091,0.36mm_BF
-0.049380279441117766,0.05567818181818181,0.36mm_BF
-0.06968467065868264,0.05424,0.36mm_BF
0.035735728542914166,0.07006,0.36mm_BF
0.08511600798403192,0.05814363636363636,0.36mm_BF
0.021603872255489025,0.04191272727272728,0.36mm_BF
0.0376849500998004,0.02403818181818182,0.36mm_BF
0.13254706586826348,0.05259636363636363,0.36mm_BF
0.12410043912175647,0.09820727272727273,0.36mm_BF
0.05019245508982036,0.05403454545454545,0.36mm_BF
0.07244606786427145,0.08300363636363636,0.36mm_BF
0.12377556886227545,0.16292545454545454,0.36mm_BF
0.01981708582834332,0.006369090909090909,0.36mm_BF
-0.02793884231536926,0.034310909090909086,0.36mm_BF
0.013644550898203591,0.10375454545454543,0.36mm_BF
0.03378650698602795,-0.026709090909090908,0.36mm_BF
-0.031999720558882234,0.023627272727272733,0.36mm_BF
-0.08073025948103793,0.06882727272727272,0.36mm_BF
0.02176630738522954,-0.021778181818181808,0.36mm_BF
0.02940075848303393,-0.02075090909090909,0.36mm_BF
-0.06546135728542915,0.023216363636363632,0.36mm_BF
-0.09486211576846308,-0.057116363636363625,0.36mm_BF
0.022903353293413174,-0.05198,0.36mm_BF
0.009908542914171658,0.02486,0.36mm_BF
-0.13352167664670658,-0.03205090909090909,0.36mm_BF
-0.01591864271457086,-0.012943636363636362,0.36mm_BF
0.03995904191616766,0.06821090909090909,0.36mm_BF
-0.10152195608782434,-0.018080000000000002,0.36mm_BF
-0.12572479041916165,-0.04561090909090909,0.36mm_BF
0.013157245508982037,0.08793454545454545,0.36mm_BF
0.11630355289421156,0.014998181818181815,0.36mm_BF
0.0019492215568862282,-0.030818181818181814,0.36mm_BF
-0.08641548902195609,0.08772909090909091,0.36mm_BF
0.08365409181636728,-0.003903636363636364,0.36mm_BF
0.15268902195608786,0.01849090909090909,0.36mm_BF
-0.09616159680638722,0.10231636363636364,0.36mm_BF
-0.11597868263473055,-0.00020545454545454542,0.36mm_BF
0.10428335329341318,0.06738909090909091,0.36mm_BF
0.08609061876247505,0.10601454545454543,0.36mm_BF
-0.03329920159680639,-0.0006163636363636364,0.36mm_BF
0.02972562874251497,0.08567454545454545,0.36mm_BF
0.16714574850299402,0.1495709090909091,0.36mm_BF
0.049867584830339325,0.02855818181818182,0.36mm_BF
-0.10217169660678643,0.0741690909090909,0.36mm_BF
0.042233133732534935,0.08567454545454545,0.36mm_BF
0.12442530938123753,-0.01869636363636364,0.36mm_BF
-0.04531940119760479,0.009040000000000001,0.36mm_BF
-0.09226315369261476,0.03718727272727273,0.36mm_BF
0.06838518962075849,0.043556363636363636,0.36mm_BF
0.0882022754491018,0.02712,0.36mm_BF
-0.05279141716566866,-0.00020545454545454542,0.36mm_BF
-0.05149193612774451,0.028763636363636363,0.36mm_BF
0.010070978043912177,0.033694545454545456,0.36mm_BF
-0.03930930139720559,-0.11074,0.36mm_BF
-0.09437481037924153,-0.023421818181818186,0.36mm_BF
-0.04466966067864271,0.09553636363636364,0.36mm_BF
0.01997952095808383,-0.14237999999999998,0.36mm_BF
-0.02810127744510978,-0.021983636363636358,0.36mm_BF
-0.04044634730538922,0.08752363636363636,0.36mm_BF
0.02339065868263473,-0.07355272727272727,0.36mm_BF
0.002598962075848303,0.03451636363636364,0.36mm_BF
-0.1037960479041916,0.009656363636363637,0.36mm_BF
-0.07504502994011976,-0.0986181818181818,0.36mm_BF
0.042395568862275454,0.005958181818181818,0.36mm_BF
0.015268902195608782,0.040474545454545464,0.36mm_BF
-0.05214167664670659,-0.0113,0.36mm_BF
0.002923832335329341,0.13231272727272728,0.36mm_BF
0.0737455489021956,0.08711272727272727,0.36mm_BF
0.01997952095808383,0.04129636363636364,0.36mm_BF
-0.017542994011976048,0.20216727272727272,0.36mm_BF
0.027289101796407183,0.007601818181818181,0.36mm_BF
0.07894347305389221,0.019723636363636363,0.36mm_BF
0.035410858283433135,0.15573454545454546,0.36mm_BF
-0.006334970059880239,0.012532727272727272,0.36mm_BF
0.07163389221556887,0.05506181818181818,0.36mm_BF
0.08933932135728542,0.16148727272727273,0.36mm_BF
0.002923832335329341,0.05444545454545455,0.36mm_BF
-0.01803029940119761,0.05198,0.36mm_BF
0.044344790419161666,0.11217818181818184,0.36mm_BF
0.038497125748503,0.004314545454545455,0.36mm_BF
-0.02030439121756487,0.08485272727272727,0.36mm_BF
-0.00925880239520958,0.010683636363636364,0.36mm_BF
0.09778594810379244,-0.07704545454545454,0.36mm_BF
0.0625375249500998,0.09081090909090908,0.36mm_BF
-0.06887249500998004,-0.0010272727272727274,0.36mm_BF
-0.03183728542914172,-0.05588363636363637,0.36mm_BF
0.0154313373253493,0.03307818181818182,0.36mm_BF
-0.0523041117764471,-0.07766181818181818,0.36mm_BF
-0.06806031936127745,-0.12532727272727273,0.36mm_BF
-0.0042233133732534935,0.07951090909090908,0.36mm_BF
-0.006659840319361277,-0.06266363636363638,0.36mm_BF
-0.029888063872255486,-0.1411472727272727,0.36mm_BF
-0.045644271457085835,0.14525636363636366,0.36mm_BF
0.0050354890219560895,0.034310909090909086,0.36mm_BF
0.0368727744510978,-0.04622727272727272,0.36mm_BF
-0.06562379241516966,0.07190909090909091,0.36mm_BF
-0.0436950499001996,0.015409090909090909,0.36mm_BF
0.09616159680638722,-0.02691454545454545,0.36mm_BF
0.08349165668662675,0.06677272727272728,0.36mm_BF
-0.01932978043912176,0.03636545454545455,0.36mm_BF
0.0188424750499002,0.04437818181818182,0.36mm_BF
0.07894347305389221,0.19333272727272727,0.36mm_BF
0.0222536127744511,0.08896181818181817,0.36mm_BF
-0.053766027944111776,0.10375454545454543,0.36mm_BF
-0.0402839121756487,0.14053090909090907,0.36mm_BF
0.0523041117764471,0.049925454545454544,0.36mm_BF
0.027289101796407183,0.052390909090909085,0.36mm_BF
-0.07683181636726548,0.0022600000000000003,0.36mm_BF
-0.03248702594810378,0.009040000000000001,0.36mm_BF
0.1010346506986028,0.03225636363636363,0.36mm_BF
0.1002224750499002,0.0764290909090909,0.36mm_BF
0.03183728542914172,0.07745636363636363,0.36mm_BF
0.007309580838323355,0.07108727272727272,0.36mm_BF
0.05067976047904192,0.04663818181818182,0.36mm_BF
0.1362830738522954,-0.006574545454545454,0.36mm_BF
0.045644271457085835,0.013970909090909093,0.36mm_BF
-0.05506550898203592,-0.0628690909090909,0.36mm_BF
-0.0011370459081836328,-0.002465454545454545,0.36mm_BF
-0.03833469061876248,0.031639999999999995,0.36mm_BF
-0.05685229540918164,-0.04376181818181818,0.36mm_BF
0.011532894211576843,0.018285454545454542,0.36mm_BF
0.004873053892215568,0.029585454545454543,0.36mm_BF
-0.018192734530938125,-0.004520000000000001,0.36mm_BF
-0.02647692614770459,0.0016436363636363634,0.36mm_BF
-0.02062926147704591,0.05095272727272727,0.36mm_BF
-0.04629401197604791,0.02938,0.36mm_BF
-0.09047636726546908,0.03307818181818182,0.36mm_BF
-0.11809033932135728,0.0727309090909091,0.36mm_BF
-0.11451676646706585,0.06800545454545455,0.36mm_BF
-0.1431053493013972,0.055267272727272734,0.36mm_BF
-0.1096437125748503,0.028352727272727283,0.36mm_BF
0.10152195608782434,0.07663454545454547,0.36mm_BF
0.10688231536926147,-0.05054181818181818,0.36mm_BF
-0.07390798403193613,-0.02383272727272728,0.36mm_BF
-0.0839789620758483,0.10334363636363636,0.36mm_BF
0.18160247504990013,-0.1224509090909091,0.36mm_BF
0.2545358483033932,-0.02712,0.36mm_BF
-0.16178538922155689,0.11793090909090907,0.36mm_BF
-0.2290335329341317,-0.039241818181818176,0.36mm_BF
0.23082031936127745,0.013149090909090907,0.36mm_BF
0.29222079840319365,0.02095636363636364,0.36mm_BF
-0.19086127744510967,-0.04191272727272728,0.36mm_BF
-0.2210742115768463,0.10437090909090907,0.36mm_BF
0.3031039520958084,0.09019454545454544,0.36mm_BF
0.27419049900199605,-0.03513272727272727,0.36mm_BF
-0.2267594411177645,0.13929818181818182,0.36mm_BF
-0.1577245109780439,0.17628,0.36mm_BF
0.31886015968063874,0.03205090909090909,0.36mm_BF
0.2699671856287425,0.08279818181818181,0.36mm_BF
-0.2006073852295409,0.08567454545454545,0.36mm_BF
-0.21620115768463075,0.04211818181818182,0.36mm_BF
0.2256223952095809,-0.013354545454545456,0.36mm_BF
0.18907449101796409,-0.013765454545454546,0.36mm_BF
-0.25242419161676644,0.11854727272727272,0.36mm_BF
-0.2243229141716567,0.05280181818181818,0.36mm_BF
0.10168439121756488,-0.09512545454545453,0.36mm_BF
0.1385571656686627,0.06081454545454545,0.36mm_BF
-0.0625375249500998,0.12265636363636362,0.36mm_BF
-0.09843568862275448,-0.05506181818181818,0.36mm_BF
0.03232459081836326,-0.04437818181818182,0.36mm_BF
0.02241604790419161,-0.04458363636363636,0.36mm_BF
-0.07000954091816368,-0.020545454545454544,0.36mm_BF
-0.0334616367265469,0.07827818181818183,0.36mm_BF
-0.03459868263473054,-0.04910363636363636,0.36mm_BF
-0.17006958083832335,-0.08670181818181817,0.36mm_BF
-0.01900491017964072,0.009450909090909091,0.36mm_BF
0.26655604790419163,0.029996363636363637,0.36mm_BF
0.06903493013972056,0.0895781818181818,0.36mm_BF
-0.25128714570858285,-0.02383272727272728,0.36mm_BF
0.01997952095808383,-0.12635454545454544,0.36mm_BF
0.4052756487025948,0.17114363636363633,0.36mm_BF
0.12020199600798405,0.19189454545454546,0.36mm_BF
-0.3641795608782435,-0.017052727272727268,0.36mm_BF
-0.13774499001996007,0.12224545454545452,0.36mm_BF
0.3706769660678643,0.12532727272727273,0.36mm_BF
0.10054734530938124,-0.01992909090909091,0.36mm_BF
-0.36352982035928144,0.08608545454545455,0.36mm_BF
-0.049055409181636735,0.1826490909090909,0.36mm_BF
0.3508598802395209,0.07006,0.36mm_BF
0.11679085828343312,0.0628690909090909,0.36mm_BF
-0.1362830738522954,0.05691090909090909,0.36mm_BF
0.09616159680638722,0.13231272727272728,0.36mm_BF
0.2790635528942116,0.18778545454545456,0.36mm_BF
-0.007634451097804391,-0.1360109090909091,0.36mm_BF
-0.14440483033932136,-0.07848363636363635,0.36mm_BF
0.1599986027944112,0.16970545454545455,0.36mm_BF
0.11597868263473055,0.007396363636363636,0.36mm_BF
-0.2533988023952096,-0.09368727272727273,0.36mm_BF
-0.08592818363273454,0.036776363636363635,0.36mm_BF
0.2808503393213573,-0.0008218181818181817,0.36mm_BF
0.044344790419161666,-0.09553636363636364,0.36mm_BF
-0.2928705389221557,0.08382545454545455,0.36mm_BF
-0.1104558882235529,-0.004520000000000001,0.36mm_BF
0.26574387225548896,-0.0940981818181818,0.36mm_BF
0.030050499001996005,0.051569090909090905,0.36mm_BF
-0.5266146906187624,0.0041090909090909095,0.36mm_BF
-0.16747061876247504,0.036160000000000005,0.36mm_BF
0.3208093812375249,-0.014792727272727272,0.36mm_BF
-0.1138670259481038,-0.10416545454545452,0.36mm_BF
-0.4925033133732535,0.05567818181818181,0.36mm_BF
-0.07212119760479042,0.11402727272727273,0.36mm_BF
0.3248702594810379,-0.051569090909090905,0.36mm_BF
-0.14229317365269462,0.008012727272727272,0.36mm_BF
-0.3867580439121757,0.10149454545454543,0.36mm_BF
0.2337441516966068,-0.02239454545454545,0.36mm_BF
0.3209718163672655,0.10848,0.36mm_BF
-0.22286099800399198,0.03821454545454545,0.36mm_BF
-0.1533387624750499,-0.03883090909090909,0.36mm_BF
0.333966626746507,0.09430363636363637,0.36mm_BF
0.16812035928143715,-0.05670545454545455,0.36mm_BF
-0.2478760079840319,-0.0030818181818181817,0.36mm_BF
0.04353261477045908,0.08403090909090909,0.36mm_BF
0.3463116966067864,0.015614545454545454,0.36mm_BF
0.04873053892215569,0.018080000000000002,0.36mm_BF
-0.08950175648702595,0.13457272727272726,0.36mm_BF
0.2209117764471058,0.08937272727272727,0.36mm_BF
0.2261097005988024,-0.0016436363636363634,0.36mm_BF
-0.14586674650698606,0.12594363636363634,0.36mm_BF
-0.08105512974051897,-0.015819999999999997,0.36mm_BF
0.2267594411177645,0.06307454545454545,0.36mm_BF
-0.022740918163672654,0.1641581818181818,0.36mm_BF
-0.3240580838323353,-0.003492727272727273,0.36mm_BF
0.015593772455089819,0.053007272727272715,0.36mm_BF
0.2371552894211577,0.023421818181818186,0.36mm_BF
-0.07423285429141717,-0.0041090909090909095,0.36mm_BF
-0.1962216367265469,0.07149818181818181,0.36mm_BF
0.05246654690618762,0.01623090909090909,0.36mm_BF
0.12198878243512976,-0.1144381818181818,0.36mm_BF
-0.12475017964071855,-0.001438181818181818,0.36mm_BF
-0.1523641516966068,0.019723636363636363,0.36mm_BF
0.06318726546906188,-0.12861454545454545,0.36mm_BF
-0.021116566866267464,-0.06266363636363638,0.36mm_BF
-0.15285145708582834,-0.02095636363636364,0.36mm_BF
0.028913453093812377,0.007396363636363636,0.36mm_BF
0.09876055888223552,0.012532727272727272,0.36mm_BF
-0.0591263872255489,0.02403818181818182,0.36mm_BF
-0.042882874251497005,0.03944727272727274,0.36mm_BF
0.15301389221556885,0.0940981818181818,0.36mm_BF
0.08381652694610779,0.0895781818181818,0.36mm_BF
-0.12296339321357284,0.018080000000000002,0.36mm_BF
0.004873053892215568,0.1341618181818182,0.36mm_BF
0.1703944510978044,0.11094545454545454,0.36mm_BF
0.024365269461077844,0.1569672727272727,0.36mm_BF
-0.08836471057884232,0.17854,0.36mm_BF
0.06562379241516966,0.09450909090909093,0.36mm_BF
0.20661748502994007,0.1994963636363636,0.36mm_BF
0.1182527744510978,0.11567090909090907,0.36mm_BF
0.01900491017964072,0.010683636363636364,0.36mm_BF
0.11597868263473055,0.03903636363636363,0.36mm_BF
0.16064834331337324,0.04191272727272728,0.36mm_BF
0.05181680638722555,-0.01047818181818182,0.36mm_BF
-0.017867864271457083,0.02383272727272728,0.36mm_BF
-0.008446626746506987,0.1103290909090909,0.36mm_BF
0.025664750499002003,0.026709090909090908,0.36mm_BF
0.008284191616766471,0.006574545454545454,0.36mm_BF
-0.0703344111776447,0.024243636363636363,0.36mm_BF
-0.11321728542914172,-0.040885454545454544,0.36mm_BF
-0.07114658682634731,-0.045816363636363634,0.36mm_BF
-0.04060878243512974,-0.040885454545454544,0.36mm_BF
-0.11776546906187625,-0.021572727272727268,0.36mm_BF
-0.16405948103792414,0.021983636363636358,0.36mm_BF
-0.049055409181636735,-0.06327999999999999,0.36mm_BF
0.0071471457085828345,-0.0565,0.36mm_BF
-0.11272998003992014,0.018285454545454542,0.36mm_BF
-0.11760303393213573,-0.10067272727272727,0.36mm_BF
0.058151776447105785,-0.06533454545454545,0.36mm_BF
0.0402839121756487,0.0447890909090909,0.36mm_BF
-0.14619161676646708,-0.023627272727272733,0.36mm_BF
-0.06854762475049901,0.00678,0.36mm_BF
0.1533387624750499,0.1397090909090909,0.36mm_BF
0.09632403193612774,0.09450909090909093,0.36mm_BF
-0.08381652694610779,0.08423636363636364,0.36mm_BF
0.0445072255489022,0.1125890909090909,0.36mm_BF
0.2343938922155689,-0.043967272727272716,0.36mm_BF
0.05506550898203592,0.07375818181818182,0.36mm_BF
-0.08332922155688623,0.13724363636363635,0.36mm_BF
0.0831667864271457,0.023216363636363632,0.36mm_BF
0.12832375249501,0.12655999999999998,0.36mm_BF
-0.04548183632734532,0.06492363636363636,0.36mm_BF
-0.0376849500998004,-0.0010272727272727274,0.36mm_BF
0.10412091816367268,0.14628363636363634,0.36mm_BF
0.0006497405189620758,0.07190909090909091,0.36mm_BF
-0.08251704590818364,-0.13847636363636362,0.36mm_BF
0.04466966067864271,0.07314181818181817,0.36mm_BF
0.09015149700598804,0.11197272727272728,0.36mm_BF
-0.0188424750499002,-0.1053981818181818,0.36mm_BF
-0.11159293413173653,0.0583490909090909,0.36mm_BF
-0.04158339321357285,0.03800909090909091,0.36mm_BF
0.0436950499001996,-0.08731818181818181,0.36mm_BF
-0.0376849500998004,-0.012943636363636362,0.36mm_BF
-0.10135952095808384,-0.07211454545454546,0.36mm_BF
-0.02680179640718563,-0.10909636363636364,0.36mm_BF
0.017380558882235532,-0.032667272727272725,0.36mm_BF
-0.04840566866267465,-0.08444181818181817,0.36mm_BF
-0.09599916167664672,-0.02753090909090909,0.36mm_BF
-0.06318726546906188,0.09841272727272728,0.36mm_BF
0.022903353293413174,-0.00041090909090909085,0.36mm_BF
0.035085988023952096,-0.01725818181818182,0.36mm_BF
-0.035085988023952096,0.02938,0.36mm_BF
0.04418235528942116,0.08362,0.36mm_BF
0.05506550898203592,0.1103290909090909,0.36mm_BF
-0.09713620758483034,0.026503636363636358,0.36mm_BF
-0.050842195608782434,0.04376181818181818,0.36mm_BF
0.14099369261477046,0.13128545454545454,0.36mm_BF
0.10217169660678643,0.10396,0.36mm_BF
-0.05620255489021956,0.05115818181818182,0.36mm_BF
0.04466966067864271,0.1411472727272727,0.36mm_BF
0.21815037924151687,0.0538290909090909,0.36mm_BF
0.1807902994011976,0.029996363636363637,0.36mm_BF
0.01705568862275449,0.1645690909090909,0.36mm_BF
0.035085988023952096,0.023627272727272733,0.36mm_BF
0.14326778443113775,0.031845454545454545,0.36mm_BF
0.02176630738522954,0.09471454545454544,0.36mm_BF
-0.06497405189620759,0.05362363636363636,0.36mm_BF
0.02209117764471058,0.09081090909090908,0.36mm_BF
0.02842614770459082,0.0805381818181818,0.36mm_BF
-0.035410858283433135,-0.015203636363636362,0.36mm_BF
-0.0282637125748503,-0.03595454545454545,0.36mm_BF
0.0376849500998004,0.08382545454545455,0.36mm_BF
0.13742011976047905,-0.017874545454545452,0.36mm_BF
-0.058639081836327336,-0.02116181818181818,0.36mm_BF
-0.2881599201596806,0.032667272727272725,0.36mm_BF
0.0573396007984032,-0.015203636363636362,0.36mm_BF
0.2176630738522954,0.01356,0.36mm_BF
-0.1945972854291417,-0.01664181818181818,0.36mm_BF
-0.3240580838323353,0.002876363636363636,0.36mm_BF
0.07975564870259481,-0.023010909090909092,0.36mm_BF
0.2306578842315369,0.04129636363636364,0.36mm_BF
-0.16779548902195607,0.01766909090909091,0.36mm_BF
-0.33721532934131737,-0.023216363636363632,0.36mm_BF
0.027613972055888225,0.0452,0.36mm_BF
0.1515519760479042,-0.04006363636363637,0.36mm_BF
-0.16812035928143715,-0.04561090909090909,0.36mm_BF
-0.1405063872255489,0.09697454545454544,0.36mm_BF
0.09859812375249502,0.1479272727272727,0.36mm_BF
0.02257848303393213,0.004520000000000001,0.36mm_BF
-0.01250750499001996,0.07622363636363635,0.36mm_BF
0.16340974051896207,0.1454618181818182,0.36mm_BF
0.10152195608782434,0.05855454545454545,0.36mm_BF
-0.11321728542914172,0.07334727272727272,0.36mm_BF
0.03394894211576846,0.03451636363636364,0.36mm_BF
0.2300081437125749,0.023010909090909092,0.36mm_BF
0.08933932135728542,0.07745636363636363,0.36mm_BF
-0.11321728542914172,0.06122545454545455,0.36mm_BF
0.06318726546906188,-0.03944727272727274,0.36mm_BF
0.2878350499001996,0.052390909090909085,0.36mm_BF
0.05067976047904192,0.06800545454545455,0.36mm_BF
-0.06611109780439121,0.0010272727272727274,0.36mm_BF
0.09599916167664672,0.0022600000000000003,0.36mm_BF
0.05847664670658681,-0.013354545454545456,0.36mm_BF
-0.09778594810379244,0.0583490909090909,0.36mm_BF
-0.03995904191616766,-0.01725818181818182,0.36mm_BF
0.03297433133732535,0.05608909090909092,0.36mm_BF
-0.11289241516966067,0.08382545454545455,0.36mm_BF
-0.12296339321357284,0.015409090909090909,0.36mm_BF
-0.013319680638722554,0.03472181818181818,0.36mm_BF
-0.00471061876247505,-0.016436363636363638,0.36mm_BF
-0.06708570858283433,-0.06081454545454545,0.36mm_BF
-0.053928463073852295,-0.07067636363636362,0.36mm_BF
0.025664750499002003,0.02712,0.36mm_BF
0.01705568862275449,-0.113,0.36mm_BF
0.03963417165668663,0.007396363636363636,0.36mm_BF
0.08966419161676646,0.14443454545454545,0.36mm_BF
-0.05409089820359282,-0.057732727272727276,0.36mm_BF
-0.15447580838323352,0.010889090909090907,0.36mm_BF
0.0882022754491018,0.07232000000000001,0.36mm_BF
0.12052686626746507,0.09450909090909093,0.36mm_BF
-0.13547089820359282,0.04191272727272728,0.36mm_BF
-0.11321728542914172,0.07560727272727273,0.36mm_BF
0.1250750499001996,0.10498727272727272,0.36mm_BF
0.14602918163672654,0.16189818181818186,0.36mm_BF
-0.021279001996007983,0.18203272727272726,0.36mm_BF
-0.03378650698602795,0.02486,0.36mm_BF
0.09356263473053893,0.1411472727272727,0.36mm_BF
0.15545041916167665,0.06800545454545455,0.36mm_BF
0.002923832335329341,-0.009656363636363637,0.36mm_BF
-0.0009746107784431137,0.045816363636363634,0.36mm_BF
0.14879057884231536,0.059787272727272724,0.36mm_BF
0.07926834331337326,0.03102363636363636,0.36mm_BF
0.012832375249500998,0.01849090909090909,0.36mm_BF
0.07959321357285429,0.09759090909090908,0.36mm_BF
0.09876055888223552,-0.033694545454545456,0.36mm_BF
-0.013482115768463074,-0.005341818181818182,0.36mm_BF
-0.07488259481037925,-0.021778181818181808,0.36mm_BF
0.008284191616766471,-0.03020181818181818,0.36mm_BF
0.05831421157684631,0.012738181818181815,0.36mm_BF
-0.07439528942115768,-0.053007272727272715,0.36mm_BF
-0.12556235528942114,0.024654545454545453,0.36mm_BF
0.02533988023952096,0.0008218181818181817,0.36mm_BF
-0.02014195608782435,0.017052727272727268,0.36mm_BF
-0.18452630738522954,-0.017052727272727268,0.36mm_BF
-0.1372576846307385,-0.03328363636363636,0.36mm_BF
0.027613972055888225,-0.04458363636363636,0.36mm_BF
0.07065928143712576,-0.040885454545454544,0.36mm_BF
-0.0753699001996008,0.08197636363636364,0.36mm_BF
-0.12783644710578845,0.02917454545454545,0.36mm_BF
0.04044634730538922,0.06759454545454545,0.36mm_BF
0.061562914171656685,0.11320545454545455,0.36mm_BF
-0.13888203592814372,0.08464727272727272,0.36mm_BF
-0.09892299401197603,0.08855090909090907,0.36mm_BF
0.10330874251497006,0.07047090909090907,0.36mm_BF
0.02777640718562874,0.01356,0.36mm_BF
-0.08381652694610779,0.019723636363636363,0.36mm_BF
0.02680179640718563,0.03842,0.36mm_BF
0.1096437125748503,-0.017052727272727268,0.36mm_BF
0.02680179640718563,0.04746,0.36mm_BF
-0.011370459081836329,0.061430909090909085,0.36mm_BF
0.08885201596806389,0.027325454545454545,0.36mm_BF
0.07569477045908184,0.023421818181818186,0.36mm_BF
-0.042558003992015966,0.07334727272727272,0.36mm_BF
0.042395568862275454,0.04150181818181818,0.36mm_BF
0.13141001996007987,-0.00041090909090909085,0.36mm_BF
0.0037360079840319358,0.031639999999999995,0.36mm_BF
-0.06448674650698602,-0.002670909090909091,0.36mm_BF
0.0779688622754491,0.07026545454545452,0.36mm_BF
0.1309227145708583,0.003698181818181818,0.36mm_BF
-0.0924255888223553,-0.0010272727272727274,0.36mm_BF
-0.14001908183632736,0.058965454545454536,0.36mm_BF
0.07017197604790419,-0.03800909090909091,0.36mm_BF
0.08933932135728542,-0.0010272727272727274,0.36mm_BF
-0.11256754491017963,-0.017874545454545452,0.36mm_BF
-0.1190649500998004,-0.03287272727272728,0.36mm_BF
0.04580670658682635,0.043967272727272716,0.36mm_BF
-0.03833469061876248,0.04376181818181818,0.36mm_BF
-0.16048590818363276,-0.01849090909090909,0.36mm_BF
-0.07179632734530939,0.005136363636363636,0.36mm_BF
0.013482115768463074,0.059170909090909087,0.36mm_BF
-0.07082171656686627,-0.014792727272727272,0.36mm_BF
-0.05961369261477046,0.02527090909090909,0.36mm_BF
0.08073025948103793,0.09759090909090908,0.36mm_BF
0.02339065868263473,-0.009656363636363637,0.36mm_BF
-0.107044750499002,0.01992909090909091,0.36mm_BF
-0.05685229540918164,0.05465090909090909,0.36mm_BF
0.20174443113772456,-0.05115818181818182,0.36mm_BF
0.12003956087824352,0.020545454545454544,0.36mm_BF
-0.17169393213572853,0.061841818181818185,0.36mm_BF
0.060913173652694615,-0.01356,0.36mm_BF
0.3654790419161677,0.06451272727272726,0.36mm_BF
0.1396942115768463,0.14916,0.36mm_BF
-0.1679579241516966,0.07745636363636363,0.36mm_BF
0.10509552894211577,0.13785999999999998,0.36mm_BF
0.2724037125748503,0.15080363636363636,0.36mm_BF
-0.09291289421157684,0.02691454545454545,0.36mm_BF
-0.15691233532934132,0.14854363636363635,0.36mm_BF
0.2022317365269461,0.13087454545454547,0.36mm_BF
0.2209117764471058,-0.0010272727272727274,0.36mm_BF
-0.09843568862275448,0.08752363636363636,0.36mm_BF
0.027613972055888225,0.11382181818181818,0.36mm_BF
0.2543734131736527,0.012532727272727272,0.36mm_BF
-0.006334970059880239,0.0628690909090909,0.36mm_BF
-0.22968327345309386,0.05608909090909092,0.36mm_BF
0.012994810379241516,-0.08485272727272727,0.36mm_BF
0.12832375249501,0.034105454545454536,0.36mm_BF
-0.16665844311377245,-0.002465454545454545,0.36mm_BF
-0.22221125748502998,-0.028352727272727283,0.36mm_BF
0.06351213572854293,0.07149818181818181,0.36mm_BF
0.11175536926147704,-0.02917454545454545,0.36mm_BF
-0.1507398003992016,0.026503636363636358,0.36mm_BF
-0.1250750499001996,-0.022805454545454545,0.36mm_BF
0.11955225548902194,-0.08567454545454545,0.36mm_BF
0.01673081836327345,-0.008423636363636364,0.36mm_BF
-0.14570431137724552,-0.029996363636363637,0.36mm_BF
0.038497125748503,-0.045816363636363634,0.36mm_BF
0.15285145708582834,0.04458363636363636,0.36mm_BF
-0.06822275449101796,0.049925454545454544,0.36mm_BF
-0.17494263473053892,-0.009656363636363637,0.36mm_BF
0.035248423153692615,0.12512181818181814,0.36mm_BF
0.09031393213572854,0.05567818181818181,0.36mm_BF
-0.08852714570858282,0.003698181818181818,0.36mm_BF
-0.07439528942115768,0.12409454545454544,0.36mm_BF
0.11500407185628744,0.026503636363636358,0.36mm_BF
0.13530846307385228,0.0339,0.36mm_BF
0.0071471457085828345,0.1341618181818182,0.36mm_BF
0.011857764471057885,0.047254545454545466,0.36mm_BF
0.053928463073852295,0.07622363636363635,0.36mm_BF
0.02663936127744511,0.11176727272727273,0.36mm_BF
0.0011370459081836328,-0.0805381818181818,0.36mm_BF
0.015106467065868262,0.07848363636363635,0.36mm_BF
-0.01868003992015968,0.10498727272727272,0.36mm_BF
-0.06286239520958083,-0.12060181818181814,0.36mm_BF
0.007634451097804391,0.1193690909090909,0.36mm_BF
0.08722766467065868,0.13334000000000001,0.36mm_BF
0.04580670658682635,-0.037803636363636366,0.36mm_BF
-0.08674035928143713,0.02917454545454545,0.36mm_BF
-0.07147145708582832,0.01849090909090909,0.36mm_BF
0.02046682634730539,-0.06759454545454545,0.36mm_BF
0.0016243512974051895,-0.006163636363636363,0.36mm_BF
-0.08121756487025948,-0.03287272727272728,0.36mm_BF
-0.07943077844311378,-0.1261490909090909,0.36mm_BF
-0.002923832335329341,0.04437818181818182,0.36mm_BF
0.02663936127744511,-0.017874545454545452,0.36mm_BF
-0.05295385229540918,-0.052185454545454535,0.36mm_BF
-0.15090223552894216,0.05855454545454545,0.36mm_BF
-0.0523041117764471,-0.048487272727272726,0.36mm_BF
0.0471061876247505,-0.008423636363636364,0.36mm_BF
0.02030439121756487,0.02691454545454545,0.36mm_BF
-0.011532894211576843,-0.0538290909090909,0.36mm_BF
0.008771497005988024,0.05670545454545455,0.36mm_BF
-0.008284191616766471,0.13847636363636362,0.36mm_BF
-0.043045309381237525,-0.004725454545454546,0.36mm_BF
0.013806986027944113,0.08567454545454545,0.36mm_BF
0.01266994011976048,0.1171090909090909,0.36mm_BF
-0.022903353293413174,-0.05465090909090909,0.36mm_BF
-0.015593772455089819,0.06266363636363638,0.36mm_BF
0.060588303393213576,0.0764290909090909,0.36mm_BF
0.12978566866267466,-0.025065454545454544,0.36mm_BF
0.04743105788423154,0.10806909090909088,0.36mm_BF
0.005360359281437126,0.10724727272727272,0.36mm_BF
0.11191780439121757,-0.007190909090909091,0.36mm_BF
0.11354215568862275,0.17381454545454544,0.36mm_BF
0.00048730538922155684,0.13580545454545453,0.36mm_BF
0.025989620758483042,-0.04109090909090909,0.36mm_BF
0.09957273453093812,0.1088909090909091,0.36mm_BF
0.0565274251497006,0.026709090909090908,0.36mm_BF
-0.03930930139720559,-0.07334727272727272,0.36mm_BF
-0.03736007984031936,0.06512909090909091,0.36mm_BF
0.04207069860279442,0.06821090909090909,0.36mm_BF
0.03654790419161677,0.021778181818181808,0.36mm_BF
-0.04808079840319361,0.08752363636363636,0.36mm_BF
-0.05409089820359282,0.06923818181818181,0.36mm_BF
0.07212119760479042,0.03143454545454545,0.36mm_BF
0.03736007984031936,0.1035490909090909,0.36mm_BF
-0.11272998003992014,-0.04191272727272728,0.36mm_BF
-0.10948127744510976,-0.008012727272727272,0.36mm_BF
-0.0368727744510978,0.1058090909090909,0.36mm_BF
0.0,-0.033694545454545456,0.36mm_BF
-0.10233413173652696,-0.01992909090909091,0.36mm_BF
-0.12832375249501,0.05321272727272727,0.36mm_BF
0.053928463073852295,-0.023216363636363632,0.36mm_BF
0.0805678243512974,-0.04540545454545454,0.36mm_BF
0.0154313373253493,0.04746,0.36mm_BF
0.04515696606786427,-0.05629454545454545,0.36mm_BF
0.03817225548902197,-0.004930909090909091,0.36mm_BF
0.01997952095808383,0.027736363636363642,0.36mm_BF
0.0497051497005988,-0.08074363636363636,0.36mm_BF
0.04775592814371258,0.04294,0.36mm_BF
-0.051167065868263466,0.05095272727272727,0.36mm_BF
-0.08008051896207584,-0.0010272727272727274,0.36mm_BF
0.004060878243512974,-0.023216363636363632,0.36mm_BF
0.07959321357285429,0.08711272727272727,0.36mm_BF
0.04629401197604791,0.09307090909090908,0.36mm_BF
-0.02810127744510978,0.06821090909090909,0.36mm_BF
0.03329920159680639,0.15573454545454546,0.36mm_BF
0.0882022754491018,0.0805381818181818,0.36mm_BF
0.08722766467065868,0.18347090909090907,0.36mm_BF
0.08576574850299401,0.10909636363636364,0.36mm_BF
0.0675730139720559,0.02629818181818181,0.36mm_BF
0.024690139720558883,0.08793454545454545,0.36mm_BF
0.060588303393213576,-0.007190909090909091,0.36mm_BF
0.0779688622754491,0.061841818181818185,0.36mm_BF
-0.021116566866267464,0.04068,0.36mm_BF
-0.031349980039920164,0.00041090909090909085,0.36mm_BF
0.004873053892215568,0.04869272727272727,0.36mm_BF
0.041096087824351285,0.04807636363636364,0.36mm_BF
-0.02663936127744511,-0.04006363636363637,0.36mm_BF
-0.09210071856287426,-0.033694545454545456,0.36mm_BF
-0.008933932135728542,0.09779636363636364,0.36mm_BF
-0.016081077844311373,-0.06553999999999999,0.36mm_BF
-0.14586674650698606,-0.07458,0.36mm_BF
-0.1473286626746507,0.04294,0.36mm_BF
-0.035898163672654686,-0.035749090909090904,0.36mm_BF
-0.0761820758483034,-0.02383272727272728,0.36mm_BF
-0.10233413173652696,-0.006985454545454546,0.36mm_BF
-0.021279001996007983,-0.023627272727272733,0.36mm_BF
0.053766027944111776,0.07088181818181817,0.36mm_BF
0.04207069860279442,0.02629818181818181,0.36mm_BF
-0.035410858283433135,-0.09882363636363636,0.36mm_BF
0.0368727744510978,0.1148490909090909,0.36mm_BF
0.1018468263473054,0.06903272727272727,0.36mm_BF
-0.008933932135728542,-0.06225272727272727,0.36mm_BF
-0.08040538922155689,0.12080727272727272,0.36mm_BF
0.044344790419161666,0.02013454545454545,0.36mm_BF
0.09226315369261476,-0.00678,0.36mm_BF
-0.02615205588822355,0.13498363636363636,0.36mm_BF
-0.028913453093812377,0.05547272727272727,0.36mm_BF
0.055715249500997995,0.026503636363636358,0.36mm_BF
0.08267948103792415,0.1653909090909091,0.36mm_BF
0.002923832335329341,0.09224909090909092,0.36mm_BF
-0.053766027944111776,0.01869636363636364,0.36mm_BF
0.030537804391217564,0.13847636363636362,0.36mm_BF
0.04743105788423154,0.014381818181818181,0.36mm_BF
-0.0890144510978044,0.028763636363636363,0.36mm_BF
-0.09567429141716567,0.09533090909090908,0.36mm_BF
0.06481161676646706,-0.009656363636363637,0.36mm_BF
0.06741057884231537,0.06841636363636364,0.36mm_BF
-0.036223033932135724,0.037598181818181815,0.36mm_BF
-0.024527704590818364,-0.07006,0.36mm_BF
0.10314630738522956,0.009245454545454545,0.36mm_BF
0.14814083832335329,0.006369090909090909,0.36mm_BF
-0.018192734530938125,-0.12984727272727273,0.36mm_BF
-0.053766027944111776,0.0006163636363636364,0.36mm_BF
0.06627353293413174,0.031229090909090908,0.36mm_BF
0.027613972055888225,-0.09964545454545454,0.36mm_BF
